2 0.36484375 0.309375 0.0328125 0.05234375
13 0.32734375 0.31875 0.0296875 0.04609375
12 0.3921875 0.32265625 0.028125 0.03359375
7 0.37890625 0.35703125 0.0296875 0.03515625
13 0.553125 0.3875 0.046875 0.0875
2 0.6578125 0.39296875 0.09375 0.14375
2 0.19921875 0.409375 0.0921875 0.12734375
7 0.57109375 0.42421875 0.0328125 0.05234375
7 0.35078125 0.42734375 0.0453125 0.05390625
7 0.5953125 0.44765625 0.04375 0.06640625
7 0.50234375 0.4625 0.0390625 0.0625
13 0.7140625 0.46796875 0.090625 0.13515625
7 0.78828125 0.49296875 0.0609375 0.07734375
7 0.5171875 0.49453125 0.059375 0.08125
13 0.62265625 0.509375 0.0671875 0.13515625
7 0.53046875 0.534375 0.0640625 0.08515625
13 0.66796875 0.54921875 0.1078125 0.20234375
7 0.55859375 0.57734375 0.0703125 0.10390625
13 0.88046875 0.596875 0.1421875 0.20625
13 0.27421875 0.621875 0.0890625 0.11875
13 0.5359375 0.62265625 0.08125 0.15859375
13 0.76484375 0.65078125 0.0984375 0.16015625
13 0.071875 0.72265625 0.14375 0.25390625
2 0.86328125 0.734375 0.2296875 0.38984375
7 0.5734375 0.74140625 0.1 0.175
7 0.61328125 0.86171875 0.1359375 0.20625
7 0.64296875 0.95078125 0.1515625 0.09765625