15 0.58671875 0.35 0.0484375 0.07890625
16 0.53671875 0.36171875 0.0484375 0.08515625
7 0.48046875 0.37890625 0.0390625 0.04140625
16 0.55859375 0.39375 0.0484375 0.08359375
13 0.28984375 0.39921875 0.0609375 0.08984375
7 0.49609375 0.41953125 0.0421875 0.05234375
18 0.65234375 0.43125 0.0984375 0.09140625
7 0.51875 0.43984375 0.046875 0.05
7 0.20703125 0.44296875 0.0546875 0.05625
5 0.51796875 0.49921875 0.0703125 0.12734375
7 0.81484375 0.51171875 0.0796875 0.06875
16 0.690625 0.59453125 0.128125 0.18984375
16 0.81953125 0.60390625 0.1296875 0.17890625
7 0.93046875 0.61015625 0.1109375 0.12890625
7 0.565625 0.628125 0.09375 0.14765625
7 0.275 0.6875 0.096875 0.1125
7 0.85859375 0.84765625 0.1609375 0.21640625