1 0.32109375 0.38515625 0.0640625 0.10390625
7 0.36484375 0.42109375 0.0671875 0.075
2 0.6109375 0.48046875 0.05 0.08984375
7 0.3328125 0.51640625 0.065625 0.075
7 0.51171875 0.53203125 0.0609375 0.08984375
2 0.66484375 0.540625 0.1015625 0.19375
2 0.871875 0.54453125 0.221875 0.22265625
7 0.5390625 0.56796875 0.084375 0.08984375
7 0.5578125 0.66484375 0.090625 0.12890625
2 0.10078125 0.69140625 0.1671875 0.32890625
2 0.8515625 0.69140625 0.203125 0.31640625
13 0.2546875 0.81328125 0.159375 0.24765625
7 0.703125 0.82890625 0.140625 0.2625
2 0.91640625 0.834375 0.1671875 0.33125
7 0.59296875 0.925 0.1078125 0.15