7 0.3671875 0.3875 0.0375 0.04609375
7 0.4890625 0.40234375 0.0375 0.05
8 0.1765625 0.415625 0.109375 0.11875
16 0.6375 0.41640625 0.05625 0.07890625
7 0.559375 0.42421875 0.040625 0.04765625
7 0.2796875 0.43828125 0.046875 0.06875
7 0.5078125 0.45234375 0.053125 0.06640625
16 0.59765625 0.46953125 0.0640625 0.09765625
7 0.525 0.54140625 0.06875 0.10390625
8 0.11875 0.58046875 0.221875 0.29765625
7 0.3125 0.62109375 0.084375 0.10390625
7 0.784375 0.72265625 0.128125 0.16640625
7 0.6390625 0.878125 0.146875 0.23515625