13 0.34140625 0.340625 0.0296875 0.05625
7 0.38828125 0.35703125 0.0265625 0.03984375
13 0.6375 0.390625 0.065625 0.08984375
13 0.55859375 0.39140625 0.0578125 0.0875
7 0.50546875 0.41953125 0.0515625 0.02734375
13 0.6796875 0.42578125 0.08125 0.11015625
7 0.57734375 0.42890625 0.0515625 0.05859375
7 0.50859375 0.44921875 0.0421875 0.03515625
7 0.59375 0.45 0.0375 0.07109375
13 0.16484375 0.47265625 0.0953125 0.12890625
13 0.51875 0.496875 0.06875 0.08125
13 0.62890625 0.51640625 0.0828125 0.14140625
13 0.775 0.528125 0.103125 0.09375
13 0.66953125 0.54765625 0.1046875 0.2
7 0.5296875 0.59375 0.08125 0.10859375
2 0.91796875 0.61328125 0.1640625 0.18125
13 0.74375 0.63984375 0.065625 0.14609375
13 0.11875 0.65390625 0.10625 0.15859375
7 0.57109375 0.69453125 0.0890625 0.15625
2 0.859375 0.72421875 0.221875 0.37265625
2 0.22578125 0.76953125 0.2046875 0.46015625
2 0.92734375 0.84375 0.1453125 0.3125
7 0.6421875 0.91640625 0.15625 0.16640625