2 0.3234375 0.359375 0.05 0.07734375
7 0.38203125 0.37265625 0.0328125 0.03359375
7 0.55390625 0.38984375 0.0359375 0.05390625
7 0.37109375 0.409375 0.0328125 0.03984375
7 0.2859375 0.428125 0.040625 0.05234375
7 0.49921875 0.43046875 0.0453125 0.06484375
17 0.59296875 0.43359375 0.0484375 0.075
13 0.20078125 0.4375 0.0703125 0.09140625
13 0.12421875 0.48046875 0.0984375 0.14375
7 0.51015625 0.48515625 0.0484375 0.07890625
7 0.34453125 0.49609375 0.0640625 0.07109375
17 0.74453125 0.50390625 0.0703125 0.10859375
13 0.215625 0.54140625 0.071875 0.09140625
18 0.69140625 0.54765625 0.1703125 0.27109375
7 0.315625 0.58828125 0.084375 0.10625
17 0.86484375 0.60625 0.1265625 0.18359375
4 0.58515625 0.615625 0.1703125 0.31484375
13 0.11171875 0.61953125 0.1546875 0.18515625