7 0.4015625 0.30390625 0.021875 0.0375
7 0.33359375 0.30546875 0.0359375 0.05234375
7 0.36328125 0.31328125 0.0296875 0.04375
7 0.509375 0.33671875 0.01875 0.03515625
7 0.47109375 0.3375 0.0265625 0.03359375
7 0.51328125 0.34453125 0.0015625 0.00234375
13 0.53359375 0.346875 0.0171875 0.04765625
7 0.4796875 0.34921875 0.009375 0.00234375
13 0.2515625 0.35546875 0.01875 0.00234375
7 0.390625 0.35703125 0.046875 0.04765625
7 0.33515625 0.359375 0.0390625 0.05234375
13 0.3171875 0.39609375 0.053125 0.075
2 0.2359375 0.39765625 0.06875 0.12109375
2 0.64375 0.39921875 0.0625 0.13515625
7 0.375 0.40625 0.046875 0.05
13 0.2578125 0.40703125 0.009375 0.00625
2 0.5875 0.40859375 0.06875 0.15
7 0.69921875 0.425 0.0421875 0.0625
2 0.7078125 0.43125 0.009375 0.00859375
2 0.70234375 0.4375 0.0140625 0.00390625
13 0.27421875 0.440625 0.0578125 0.09375
1 0.5125 0.44609375 0.096875 0.1625
7 0.79375 0.484375 0.05625 0.08984375
7 0.73203125 0.52578125 0.0890625 0.11875
7 0.31796875 0.55078125 0.0796875 0.13515625
13 0.190625 0.56015625 0.1 0.17109375
7 0.059375 0.575 0.00625 0.01640625
7 0.0671875 0.59296875 0.1 0.11484375
7 0.9890625 0.640625 0.021875 0.10625
7 0.9265625 0.68046875 0.140625 0.21015625
13 0.8765625 0.715625 0.003125 0.01484375