8 0.37734375 0.36328125 0.0265625 0.03125
2 0.5546875 0.38203125 0.065625 0.11015625
13 0.634375 0.40703125 0.05625 0.07265625
7 0.4921875 0.42109375 0.040625 0.04609375
7 0.59296875 0.465625 0.0546875 0.06484375
7 0.6828125 0.47578125 0.05625 0.07265625
13 0.12421875 0.49453125 0.0921875 0.12265625
7 0.53046875 0.50390625 0.0578125 0.075
7 0.32265625 0.52734375 0.0609375 0.06640625
13 0.76796875 0.528125 0.0953125 0.14375
2 0.92265625 0.63671875 0.1546875 0.36015625
7 0.709375 0.64140625 0.109375 0.1375
7 0.5609375 0.64765625 0.0875 0.1125