1 0.33984375 0.3375 0.0359375 0.0625
7 0.38046875 0.37109375 0.0359375 0.04609375
7 0.365625 0.41953125 0.046875 0.06015625
2 0.709375 0.46171875 0.08125 0.12734375
2 0.259375 0.49375 0.090625 0.2
7 0.34296875 0.5 0.0890625 0.15859375
2 0.6203125 0.503125 0.065625 0.12265625
7 0.5140625 0.53046875 0.0875 0.07265625
2 0.103125 0.534375 0.1375 0.23515625
2 0.6640625 0.54375 0.096875 0.16640625
2 0.89140625 0.55625 0.2171875 0.2125
7 0.553125 0.60625 0.1 0.125
7 0.17421875 0.65 0.1390625 0.18359375
7 0.56875 0.6875 0.1 0.1625
2 0.8703125 0.70625 0.240625 0.32890625
7 0.71328125 0.834375 0.1359375 0.25625
2 0.91328125 0.834375 0.1734375 0.33125
7 0.24296875 0.83671875 0.1640625 0.18984375
7 0.59140625 0.91953125 0.1234375 0.16015625