2 0.3328125 0.30625 0.03125 0.04609375
13 0.3609375 0.321875 0.03125 0.05234375
13 0.57890625 0.32421875 0.0546875 0.06015625
13 0.396875 0.33203125 0.021875 0.03125
2 0.52890625 0.35703125 0.0546875 0.09375
13 0.596875 0.36328125 0.059375 0.07734375
13 0.27578125 0.37578125 0.0484375 0.07265625
2 0.55546875 0.390625 0.0484375 0.09375
13 0.640625 0.403125 0.059375 0.08984375
7 0.4921875 0.40390625 0.034375 0.01640625
7 0.57109375 0.425 0.0390625 0.04609375
7 0.50234375 0.42578125 0.0359375 0.02734375
13 0.690625 0.43515625 0.08125 0.12109375
7 0.59375 0.43671875 0.040625 0.04765625
7 0.50546875 0.44765625 0.0359375 0.025
7 0.5109375 0.459375 0.034375 0.02265625
2 0.33828125 0.46015625 0.0703125 0.10390625
13 0.24453125 0.47109375 0.0578125 0.08359375
13 0.515625 0.50703125 0.0625 0.09375
13 0.62265625 0.515625 0.0640625 0.13515625
13 0.7953125 0.54453125 0.121875 0.08984375
13 0.6703125 0.54609375 0.109375 0.2
7 0.53984375 0.609375 0.0765625 0.11484375
2 0.94140625 0.615625 0.1171875 0.12734375
13 0.75 0.63359375 0.084375 0.1375
2 0.8515625 0.703125 0.228125 0.34375
7 0.5828125 0.74296875 0.103125 0.17265625
2 0.91953125 0.8453125 0.1609375 0.309375
7 0.6421875 0.93515625 0.1375 0.12890625