7 0.31875 0.32578125 0.021875 0.03515625
7 0.34765625 0.328125 0.0234375 0.03984375
7 0.38671875 0.3375 0.0296875 0.03359375
16 0.5578125 0.384375 0.040625 0.07734375
7 0.621875 0.41015625 0.040625 0.05390625
7 0.35703125 0.425 0.0578125 0.07890625
7 0.50625 0.43046875 0.04375 0.06484375
7 0.521875 0.5 0.053125 0.07109375
7 0.7203125 0.503125 0.065625 0.06875
7 0.64296875 0.53515625 0.0671875 0.09609375
7 0.703125 0.61875 0.090625 0.13359375
17 0.8828125 0.621875 0.15 0.22265625
7 0.5609375 0.62890625 0.084375 0.14609375
7 0.2828125 0.63125 0.15625 0.13359375
16 0.84140625 0.790625 0.2015625 0.32265625