2 0.35546875 0.31171875 0.0453125 0.06875
7 0.39921875 0.3125 0.0234375 0.04140625
7 0.52421875 0.34375 0.0296875 0.0375
13 0.31328125 0.37421875 0.0609375 0.08515625
7 0.5234375 0.39296875 0.05 0.06484375
13 0.365625 0.39921875 0.053125 0.08125
13 0.58828125 0.40625 0.0546875 0.09609375
7 0.4765625 0.425 0.034375 0.05
7 0.503125 0.46015625 0.05625 0.06640625
13 0.63046875 0.49375 0.0546875 0.1125
7 0.51328125 0.50859375 0.0609375 0.10390625
7 0.8296875 0.525 0.0625 0.08359375
13 0.6859375 0.528125 0.1125 0.21875
7 0.3015625 0.55546875 0.078125 0.10234375
7 0.55234375 0.58203125 0.1078125 0.12734375
7 0.5703125 0.671875 0.109375 0.17265625
2 0.803125 0.68671875 0.28125 0.42265625
7 0.628125 0.88203125 0.15 0.23515625
7 0.1921875 0.9015625 0.20625 0.196875