13 0.3890625 0.34765625 0.0375 0.04609375
13 0.31640625 0.35390625 0.0390625 0.05859375
2 0.62421875 0.38203125 0.0671875 0.09765625
7 0.31171875 0.39375 0.0390625 0.05859375
7 0.3796875 0.39375 0.046875 0.05390625
2 0.23515625 0.39453125 0.0859375 0.08125
7 0.58125 0.43671875 0.05 0.06484375
2 0.77109375 0.50234375 0.1171875 0.1625
2 0.21875 0.50703125 0.153125 0.18984375
13 0.61796875 0.509375 0.0671875 0.13515625
7 0.33984375 0.528125 0.0703125 0.10625
13 0.67265625 0.55859375 0.1203125 0.20859375
7 0.51796875 0.57265625 0.0734375 0.10859375
2 0.93203125 0.58046875 0.1359375 0.21015625
7 0.55546875 0.62109375 0.0984375 0.1125
2 0.859375 0.7125 0.24375 0.34140625
7 0.5671875 0.71328125 0.1375 0.17734375
2 0.915625 0.84375 0.16875 0.3125
7 0.72734375 0.86953125 0.1953125 0.26015625
7 0.6171875 0.953125 0.146875 0.09375