8 0.2625 0.34140625 0.0625 0.0625
7 0.38359375 0.37890625 0.0328125 0.04140625
7 0.5578125 0.40078125 0.03125 0.03984375
2 0.18671875 0.40625 0.0734375 0.09140625
8 0.265625 0.4125 0.09375 0.14609375
7 0.58515625 0.43671875 0.0484375 0.06015625
7 0.5125 0.47734375 0.05 0.075
16 0.7359375 0.51640625 0.09375 0.12890625
8 0.153125 0.5375 0.178125 0.25
7 0.63125 0.54140625 0.065625 0.07890625
7 0.5515625 0.57734375 0.075 0.1125
13 0.03515625 0.58515625 0.0703125 0.12890625
16 0.72734375 0.64296875 0.1390625 0.18125
7 0.275 0.72265625 0.10625 0.15