7 0.36953125 0.38359375 0.0359375 0.0375
13 0.5546875 0.38671875 0.046875 0.07265625
7 0.49453125 0.39765625 0.0359375 0.03359375
7 0.60234375 0.39921875 0.0484375 0.04375
7 0.48984375 0.41640625 0.0328125 0.04140625
7 0.57265625 0.421875 0.0390625 0.04765625
7 0.65546875 0.421875 0.0359375 0.04765625
7 0.4984375 0.42890625 0.0375 0.03359375
7 0.346875 0.45234375 0.05625 0.0625
7 0.50390625 0.46640625 0.0453125 0.07109375
8 0.721875 0.46796875 0.125 0.15234375
7 0.6171875 0.49140625 0.0625 0.07890625
7 0.52109375 0.52265625 0.0578125 0.0875
7 0.2328125 0.52890625 0.075 0.08359375
7 0.77109375 0.55703125 0.0890625 0.11015625
7 0.5515625 0.58046875 0.075 0.09375
7 0.29765625 0.60078125 0.0796875 0.11015625
7 0.95 0.63359375 0.090625 0.0875
7 0.71875 0.65625 0.090625 0.1375
7 0.8765625 0.665625 0.09375 0.11875
7 0.12578125 0.7375 0.1234375 0.13359375
7 0.63125 0.76171875 0.1125 0.17265625
13 0.82890625 0.79609375 0.1734375 0.2875
13 0.60625 0.90078125 0.15 0.19765625