4 0.62421875 0.38046875 0.0734375 0.11484375
7 0.48671875 0.39765625 0.0390625 0.04609375
16 0.56640625 0.409375 0.0515625 0.09765625
7 0.503125 0.43515625 0.046875 0.06640625
13 0.19921875 0.44140625 0.0703125 0.0875
17 0.71875 0.48828125 0.075 0.11484375
7 0.62109375 0.49453125 0.0609375 0.07734375
13 0.2421875 0.503125 0.06875 0.08515625
7 0.54140625 0.58046875 0.0796875 0.11484375
7 0.2421875 0.58359375 0.084375 0.09609375
7 0.81328125 0.60703125 0.1015625 0.13984375
7 0.69140625 0.64140625 0.0984375 0.12890625
7 0.27421875 0.68203125 0.1015625 0.12265625