7 0.5671875 0.42421875 0.03125 0.05234375
7 0.36015625 0.44140625 0.0578125 0.07890625
7 0.6625 0.44140625 0.034375 0.05390625
16 0.61484375 0.45 0.0765625 0.1375
7 0.2734375 0.46015625 0.05625 0.05859375
5 0.5078125 0.465625 0.053125 0.08984375
17 0.7328125 0.48828125 0.075 0.09375
16 0.65859375 0.51875 0.0796875 0.13359375
7 0.5390625 0.57421875 0.065625 0.10234375
2 0.0703125 0.57421875 0.140625 0.31015625
7 0.32890625 0.59140625 0.0765625 0.09609375
15 0.8984375 0.6 0.196875 0.32109375
7 0.17578125 0.625 0.0921875 0.1
7 0.5921875 0.759375 0.11875 0.19765625
7 0.2453125 0.815625 0.128125 0.16484375