2 0.65 0.39765625 0.084375 0.09609375
7 0.5953125 0.44921875 0.046875 0.07734375
7 0.50625 0.45390625 0.04375 0.05390625
7 0.51484375 0.48984375 0.0578125 0.08359375
2 0.82578125 0.490625 0.2015625 0.18515625
13 0.621875 0.50546875 0.071875 0.12734375
7 0.53203125 0.51875 0.0640625 0.0625
13 0.6734375 0.54375 0.11875 0.2
13 0.04921875 0.56015625 0.0953125 0.15859375
7 0.5546875 0.578125 0.084375 0.11484375
7 0.1796875 0.59453125 0.103125 0.11484375
13 0.5359375 0.62890625 0.0875 0.15859375
13 0.77265625 0.66953125 0.0984375 0.16484375
7 0.57734375 0.75078125 0.1171875 0.17734375
13 0.89765625 0.76640625 0.2046875 0.38359375
7 0.621875 0.8921875 0.146875 0.215625