2 0.3484375 0.315625 0.05 0.08125
7 0.39609375 0.328125 0.0265625 0.03515625
7 0.52109375 0.3875 0.0390625 0.06640625
2 0.671875 0.4 0.090625 0.125
13 0.5828125 0.403125 0.05 0.08125
13 0.284375 0.40625 0.065625 0.10859375
7 0.48515625 0.41328125 0.0453125 0.05234375
7 0.49765625 0.44453125 0.0390625 0.06875
2 0.35546875 0.45078125 0.0671875 0.11875
7 0.7578125 0.46015625 0.059375 0.05390625
13 0.6109375 0.46953125 0.053125 0.09765625
2 0.659375 0.4875 0.10625 0.17890625
7 0.509375 0.490625 0.053125 0.08515625
7 0.53359375 0.54296875 0.0828125 0.08125
7 0.55625 0.63203125 0.10625 0.15234375
7 0.95703125 0.69609375 0.0859375 0.15390625
2 0.803125 0.71796875 0.24375 0.36484375
7 0.61015625 0.83671875 0.1296875 0.27734375
7 0.19765625 0.90546875 0.1515625 0.17734375