7 0.32734375 0.37578125 0.0296875 0.03515625
7 0.37109375 0.39296875 0.0296875 0.03984375
17 0.62265625 0.4 0.0421875 0.07890625
2 0.21328125 0.403125 0.1109375 0.14765625
7 0.30390625 0.41875 0.0421875 0.05859375
7 0.50625 0.425 0.04375 0.06640625
7 0.36171875 0.44765625 0.0453125 0.06640625
2 0.1765625 0.54375 0.15 0.20390625
7 0.63203125 0.57265625 0.0765625 0.1125
7 0.2984375 0.59453125 0.0875 0.11015625
16 0.78359375 0.66875 0.1671875 0.30390625
17 0.93125 0.66953125 0.134375 0.15234375
5 0.60234375 0.7625 0.1140625 0.2125
7 0.18125 0.9140625 0.1625 0.171875