7 0.32421875 0.390625 0.0515625 0.07265625
2 0.6640625 0.409375 0.075 0.08984375
2 0.175 0.43046875 0.0625 0.10625
7 0.59140625 0.44140625 0.0390625 0.05390625
7 0.5078125 0.44921875 0.04375 0.03984375
7 0.27265625 0.46796875 0.0609375 0.08125
7 0.52109375 0.48828125 0.0640625 0.06875
13 0.6203125 0.503125 0.096875 0.13125
7 0.71953125 0.51953125 0.0671875 0.13125
7 0.53125 0.53046875 0.059375 0.09765625
13 0.6921875 0.58046875 0.109375 0.20234375
7 0.5625 0.58203125 0.090625 0.14375
2 0.90546875 0.58984375 0.1890625 0.29609375
13 0.53984375 0.64296875 0.0828125 0.16015625
13 0.86640625 0.79765625 0.1546875 0.22890625
7 0.6 0.81875 0.1125 0.22109375
7 0.1578125 0.95 0.165625 0.1