2 0.36015625 0.29765625 0.0484375 0.07890625
7 0.39765625 0.31875 0.0296875 0.0375
7 0.30546875 0.33828125 0.0359375 0.04375
7 0.28828125 0.36015625 0.0359375 0.0375
13 0.55078125 0.38046875 0.0578125 0.09375
2 0.63828125 0.38671875 0.0984375 0.10625
7 0.49140625 0.39765625 0.0390625 0.05390625
7 0.69765625 0.40859375 0.0359375 0.075
7 0.4984375 0.41953125 0.0375 0.03984375
7 0.5703125 0.425 0.040625 0.0625
13 0.2734375 0.43046875 0.09375 0.12734375
7 0.5953125 0.44921875 0.046875 0.08125
7 0.50703125 0.459375 0.0453125 0.07265625
2 0.796875 0.48125 0.20625 0.25
7 0.51875 0.49296875 0.059375 0.09375
13 0.625 0.50390625 0.084375 0.1625
7 0.5359375 0.52578125 0.065625 0.08984375
13 0.66875 0.54765625 0.1125 0.20859375
7 0.5578125 0.56796875 0.06875 0.13125
13 0.5390625 0.62890625 0.1 0.17109375
13 0.746875 0.6375 0.075 0.15
2 0.94453125 0.690625 0.1109375 0.32265625
7 0.5828125 0.73671875 0.109375 0.18984375
2 0.865625 0.740625 0.253125 0.45234375
7 0.61640625 0.8796875 0.1453125 0.240625