13 0.3234375 0.31484375 0.03125 0.05
7 0.38046875 0.35546875 0.0265625 0.03984375
7 0.61796875 0.37578125 0.0703125 0.11015625
2 0.29140625 0.38671875 0.0734375 0.13125
13 0.55234375 0.3875 0.0515625 0.09140625
7 0.49375 0.40234375 0.0375 0.05
7 0.37265625 0.40703125 0.0421875 0.06484375
7 0.571875 0.42421875 0.034375 0.05234375
7 0.59453125 0.45234375 0.0453125 0.075
7 0.5046875 0.46484375 0.046875 0.06640625
7 0.34921875 0.471875 0.0578125 0.07734375
2 0.74296875 0.478125 0.1515625 0.24765625
7 0.51640625 0.49765625 0.0609375 0.08359375
13 0.6234375 0.51171875 0.071875 0.13125
7 0.53203125 0.53125 0.0578125 0.0875
13 0.6703125 0.54375 0.109375 0.20859375
13 0.84921875 0.59140625 0.1515625 0.225
7 0.06640625 0.59375 0.0890625 0.09140625
13 0.53828125 0.63515625 0.0890625 0.16640625
7 0.58046875 0.73984375 0.1078125 0.17109375
2 0.8578125 0.75390625 0.225 0.42890625
7 0.61328125 0.86328125 0.1421875 0.22265625
7 0.6421875 0.9484375 0.15 0.103125