13 0.3078125 0.38203125 0.0375 0.04765625
7 0.36875 0.4125 0.04375 0.07109375
7 0.29296875 0.42734375 0.0421875 0.04609375
7 0.58515625 0.46171875 0.0421875 0.06484375
7 0.69375 0.46796875 0.03125 0.07265625
16 0.64453125 0.49453125 0.0859375 0.17734375
5 0.52265625 0.51328125 0.0546875 0.10625
7 0.34296875 0.51640625 0.0578125 0.0625
2 0.0921875 0.51640625 0.184375 0.25859375
17 0.771875 0.52890625 0.08125 0.1125
7 0.22265625 0.55390625 0.0703125 0.0875
16 0.70390625 0.584375 0.1015625 0.16015625
7 0.2953125 0.64921875 0.0875 0.11015625
7 0.56796875 0.671875 0.0859375 0.12265625