2 0.5359375 0.35859375 0.059375 0.09609375
7 0.4875 0.36953125 0.04375 0.04765625
7 0.4796875 0.38046875 0.028125 0.01875
13 0.5546875 0.38515625 0.046875 0.06640625
7 0.3640625 0.39140625 0.034375 0.04609375
13 0.65 0.41484375 0.0625 0.0875
7 0.5734375 0.42578125 0.040625 0.04765625
7 0.49765625 0.43671875 0.0421875 0.06484375
7 0.59609375 0.459375 0.0421875 0.08515625
7 0.5140625 0.48359375 0.046875 0.075
13 0.125 0.49296875 0.134375 0.14765625
13 0.74609375 0.49921875 0.0921875 0.16015625
7 0.3484375 0.50625 0.08125 0.1125
13 0.628125 0.515625 0.071875 0.13515625
7 0.53359375 0.51953125 0.0546875 0.06015625
2 0.82890625 0.540625 0.1171875 0.15234375
13 0.6671875 0.55859375 0.10625 0.1875
7 0.559375 0.57734375 0.065625 0.10390625
13 0.55 0.62578125 0.10625 0.15234375
13 0.74609375 0.628125 0.0578125 0.13984375
7 0.28515625 0.71875 0.1265625 0.15859375
7 0.58125 0.72578125 0.1 0.14765625
2 0.85625 0.734375 0.23125 0.38984375
2 0.0953125 0.775 0.190625 0.45
2 0.93125 0.84140625 0.1375 0.31640625
7 0.61171875 0.85 0.1671875 0.1875
7 0.65546875 0.95625 0.1921875 0.0875