7 0.38359375 0.35703125 0.0296875 0.04375
13 0.6546875 0.41484375 0.075 0.0875
13 0.35859375 0.42265625 0.0453125 0.0625
13 0.184375 0.43046875 0.084375 0.08515625
7 0.58984375 0.43671875 0.0328125 0.03984375
7 0.50234375 0.446875 0.0515625 0.04765625
7 0.51796875 0.48203125 0.0515625 0.05625
13 0.759375 0.49765625 0.103125 0.15
13 0.6390625 0.50390625 0.090625 0.12890625
13 0.3375 0.51328125 0.059375 0.08125
7 0.53515625 0.52890625 0.0609375 0.075
13 0.6625 0.53984375 0.09375 0.1875
7 0.56015625 0.57578125 0.0796875 0.11484375
13 0.88671875 0.58671875 0.1734375 0.20234375
13 0.53671875 0.615625 0.0734375 0.13125
2 0.146875 0.61953125 0.196875 0.32734375
7 0.59453125 0.70078125 0.1203125 0.12734375
2 0.8625 0.72578125 0.21875 0.35234375
7 0.6109375 0.83125 0.1125 0.15
2 0.9234375 0.84140625 0.146875 0.29609375
7 0.64296875 0.953125 0.1203125 0.09375