7 0.61640625 0.378125 0.0390625 0.03984375
13 0.5546875 0.38671875 0.046875 0.07265625
7 0.3671875 0.39296875 0.0375 0.04375
7 0.49453125 0.39765625 0.0359375 0.03359375
7 0.30859375 0.41171875 0.0484375 0.05625
7 0.62578125 0.4125 0.0609375 0.05
7 0.48984375 0.41640625 0.0328125 0.04140625
7 0.57265625 0.421875 0.0390625 0.04765625
7 0.4984375 0.42890625 0.0375 0.03359375
7 0.35078125 0.45234375 0.0484375 0.06640625
7 0.50703125 0.46640625 0.0453125 0.07109375
7 0.265625 0.46796875 0.05625 0.06875
8 0.12265625 0.46796875 0.1140625 0.14375
8 0.7515625 0.48828125 0.13125 0.15234375
7 0.6453125 0.53515625 0.075 0.09609375
7 0.52578125 0.54375 0.0671875 0.09609375
7 0.90390625 0.58125 0.0859375 0.09140625
7 0.18515625 0.59296875 0.0828125 0.08515625
13 0.82265625 0.60859375 0.0984375 0.10859375
7 0.56796875 0.63359375 0.0796875 0.10390625
7 0.94296875 0.74140625 0.1140625 0.13359375
7 0.80859375 0.77578125 0.1296875 0.18125
7 0.66875 0.86953125 0.140625 0.21484375