7 0.39296875 0.33828125 0.0390625 0.04375
13 0.3359375 0.36328125 0.04375 0.05234375
2 0.26875 0.36953125 0.09375 0.09375
7 0.38359375 0.378125 0.0421875 0.04375
7 0.36875 0.41953125 0.04375 0.06015625
13 0.27265625 0.44296875 0.1078125 0.13984375
2 0.62109375 0.47109375 0.1234375 0.19140625
7 0.525 0.47421875 0.059375 0.05234375
2 0.77734375 0.5 0.1609375 0.25
7 0.52734375 0.53984375 0.0859375 0.09609375
13 0.15625 0.58125 0.11875 0.1625
7 0.9171875 0.61640625 0.10625 0.10859375
7 0.54921875 0.61953125 0.1015625 0.15234375
2 0.74765625 0.63515625 0.2265625 0.32109375
7 0.59375 0.75234375 0.140625 0.175
2 0.9046875 0.825 0.190625 0.35
7 0.65625 0.94765625 0.159375 0.10390625