7 0.3984375 0.32421875 0.0375 0.04375
2 0.32421875 0.353125 0.0609375 0.10234375
2 0.2375 0.39140625 0.06875 0.10859375
7 0.54140625 0.39921875 0.0453125 0.05625
13 0.6140625 0.4625 0.06875 0.125
7 0.28359375 0.46640625 0.0671875 0.09140625
7 0.4921875 0.47109375 0.05 0.075
2 0.778125 0.5 0.19375 0.24140625
7 0.51328125 0.53671875 0.0640625 0.11015625
7 0.61484375 0.57265625 0.0921875 0.14140625
7 0.5375 0.609375 0.06875 0.13984375
2 0.796875 0.66015625 0.184375 0.31640625
7 0.58125 0.78125 0.1 0.20859375
2 0.8859375 0.8015625 0.228125 0.396875
7 0.65 0.9359375 0.159375 0.128125