7 0.38125 0.3625 0.0375 0.04609375
7 0.475 0.37890625 0.040625 0.05390625
2 0.55859375 0.38203125 0.0734375 0.12265625
2 0.29609375 0.39765625 0.0640625 0.10390625
7 0.37109375 0.40625 0.0390625 0.05
2 0.65234375 0.40703125 0.0859375 0.11484375
7 0.49375 0.446875 0.05625 0.07734375
13 0.21015625 0.471875 0.0765625 0.10234375
7 0.61640625 0.48515625 0.0578125 0.0875
13 0.7546875 0.5 0.059375 0.14140625
7 0.33359375 0.50078125 0.0609375 0.06875
1 0.69765625 0.55 0.1734375 0.25
7 0.57421875 0.5875 0.0859375 0.12109375
7 0.875 0.659375 0.1 0.11484375
7 0.25078125 0.74765625 0.1140625 0.13359375
7 0.6328125 0.821875 0.14375 0.22265625