8 0.28203125 0.35234375 0.0546875 0.06640625
7 0.3875 0.35859375 0.034375 0.05390625
7 0.34609375 0.36328125 0.0421875 0.05625
8 0.30078125 0.41015625 0.0390625 0.04609375
2 0.6890625 0.43984375 0.121875 0.1625
8 0.2578125 0.446875 0.090625 0.13984375
7 0.35703125 0.44765625 0.0578125 0.08359375
7 0.60078125 0.45234375 0.0578125 0.075
7 0.515625 0.49921875 0.0625 0.08125
7 0.72265625 0.51015625 0.0734375 0.09609375
7 0.33671875 0.5125 0.0671875 0.1
7 0.6265625 0.52265625 0.065625 0.1
7 0.5375 0.54765625 0.075 0.10859375
7 0.790625 0.57578125 0.084375 0.07734375
8 0.66484375 0.57890625 0.1015625 0.18359375
7 0.59453125 0.6375 0.1015625 0.13359375
2 0.90625 0.64140625 0.1875 0.42109375
13 0.5484375 0.69140625 0.109375 0.21640625
8 0.81171875 0.74140625 0.2171875 0.37109375
7 0.1015625 0.78515625 0.16875 0.2