7 0.47578125 0.35703125 0.0359375 0.03125
4 0.54375 0.36953125 0.05625 0.08984375
7 0.4796875 0.38359375 0.03125 0.0375
15 0.66015625 0.396875 0.0953125 0.11875
7 0.49296875 0.40703125 0.0390625 0.03125
7 0.54609375 0.41953125 0.0234375 0.05234375
4 0.18125 0.43671875 0.109375 0.14375
7 0.49921875 0.44765625 0.0515625 0.05390625
7 0.35546875 0.45859375 0.0546875 0.06640625
4 0.60390625 0.459375 0.0953125 0.16484375
7 0.51640625 0.49453125 0.0609375 0.06015625
7 0.53671875 0.553125 0.0671875 0.08125
15 0.72890625 0.57734375 0.1796875 0.29609375
7 0.8234375 0.584375 0.071875 0.11484375
7 0.55703125 0.640625 0.0890625 0.12265625
7 0.93046875 0.72265625 0.1234375 0.14140625
7 0.65078125 0.8703125 0.1609375 0.259375