7 0.36875 0.38515625 0.034375 0.04140625
7 0.478125 0.38515625 0.03125 0.04609375
16 0.5609375 0.390625 0.046875 0.08125
7 0.63125 0.42265625 0.046875 0.05859375
7 0.5109375 0.44140625 0.04375 0.05859375
7 0.5296875 0.51875 0.059375 0.08359375
7 0.74296875 0.52578125 0.0703125 0.07734375
8 0.06875 0.52890625 0.1375 0.25
7 0.30625 0.54765625 0.06875 0.08359375
7 0.653125 0.54765625 0.071875 0.0875
7 0.72578125 0.65859375 0.0984375 0.14609375
7 0.5703125 0.66875 0.09375 0.15390625
17 0.925 0.67421875 0.15 0.26484375