8 0.33203125 0.35625 0.0390625 0.07109375
7 0.3828125 0.3625 0.03125 0.0375
7 0.35859375 0.4 0.0390625 0.04609375
7 0.5734375 0.421875 0.040625 0.05625
7 0.65234375 0.42421875 0.0328125 0.05625
2 0.71796875 0.46015625 0.1203125 0.15
7 0.503125 0.46953125 0.053125 0.07265625
7 0.33671875 0.47734375 0.0578125 0.06640625
7 0.6125 0.49140625 0.0625 0.0875
7 0.52265625 0.51875 0.0640625 0.08359375
13 0.771875 0.56171875 0.084375 0.09375
7 0.5484375 0.57421875 0.084375 0.10625
7 0.1953125 0.58828125 0.090625 0.10234375
7 0.89609375 0.59296875 0.0890625 0.08515625
7 0.7078125 0.640625 0.0875 0.13515625
7 0.8703125 0.66640625 0.096875 0.125
7 0.27578125 0.67734375 0.0984375 0.1375
7 0.621875 0.73984375 0.109375 0.15859375
8 0.80546875 0.765625 0.1609375 0.27734375
13 0.59609375 0.88515625 0.1421875 0.22890625