7 0.31875 0.32578125 0.021875 0.03515625
7 0.34765625 0.328125 0.0234375 0.03984375
7 0.38671875 0.3375 0.0296875 0.03359375
16 0.5578125 0.384375 0.040625 0.07734375
7 0.62421875 0.41328125 0.0453125 0.06015625
7 0.35703125 0.425 0.0578125 0.07890625
7 0.5078125 0.43203125 0.04375 0.06484375
7 0.52578125 0.50859375 0.0578125 0.075
7 0.73203125 0.51484375 0.0703125 0.075
7 0.64609375 0.540625 0.0703125 0.09765625
7 0.2828125 0.63125 0.15625 0.13359375
7 0.7125 0.63515625 0.090625 0.13359375
17 0.9078125 0.63984375 0.159375 0.23359375
7 0.56875 0.64609375 0.084375 0.14609375
16 0.86796875 0.81875 0.2203125 0.3625