13 0.35625 0.31875 0.04375 0.075
13 0.396875 0.32734375 0.040625 0.06640625
7 0.38515625 0.35390625 0.0390625 0.05390625
7 0.36640625 0.40390625 0.0453125 0.06640625
2 0.71640625 0.425 0.1546875 0.14609375
13 0.61015625 0.43671875 0.0640625 0.13125
13 0.23671875 0.45703125 0.1203125 0.18515625
7 0.55234375 0.4625 0.0703125 0.09140625
7 0.503125 0.48828125 0.0625 0.08125
7 0.65546875 0.52890625 0.0546875 0.12890625
7 0.52265625 0.55625 0.0796875 0.1125
2 0.73671875 0.584375 0.1578125 0.25625
7 0.56484375 0.66015625 0.1109375 0.15390625
2 0.86015625 0.765625 0.2796875 0.46875
7 0.60078125 0.796875 0.1515625 0.23125