2 0.53359375 0.35078125 0.0515625 0.08984375
13 0.60390625 0.38046875 0.0453125 0.05625
7 0.48125 0.38515625 0.03125 0.04609375
13 0.2359375 0.38671875 0.059375 0.07734375
7 0.55703125 0.41640625 0.0453125 0.05390625
7 0.63984375 0.43203125 0.0484375 0.05625
7 0.50234375 0.44609375 0.0453125 0.05859375
13 0.7 0.4625 0.075 0.10859375
7 0.6171875 0.49140625 0.0625 0.08359375
7 0.51875 0.50234375 0.05625 0.075
7 0.31171875 0.53203125 0.0671875 0.09375
2 0.85546875 0.57109375 0.2546875 0.35859375
7 0.5765625 0.63359375 0.103125 0.14609375
2 0.784375 0.72109375 0.24375 0.34609375