7 0.23515625 0.40390625 0.0484375 0.0625
7 0.346875 0.43046875 0.04375 0.04375
2 0.68046875 0.440625 0.0640625 0.12734375
7 0.246875 0.490625 0.05625 0.08125
2 0.7421875 0.49453125 0.103125 0.15625
7 0.62109375 0.49609375 0.0578125 0.125
7 0.33515625 0.5125 0.0640625 0.0625
7 0.53125 0.51875 0.06875 0.07109375
2 0.67109375 0.56953125 0.1046875 0.19375
13 0.5296875 0.59453125 0.0875 0.14375
2 0.75625 0.65 0.084375 0.15859375
7 0.57890625 0.69765625 0.1015625 0.10859375
2 0.865625 0.72109375 0.23125 0.37890625
7 0.61484375 0.83359375 0.1078125 0.1625
2 0.9234375 0.84140625 0.14375 0.30390625
7 0.640625 0.94296875 0.14375 0.09765625