2 0.61640625 0.365625 0.0484375 0.09375
13 0.546875 0.375 0.053125 0.075
7 0.225 0.41796875 0.05 0.04375
7 0.56953125 0.421875 0.0484375 0.05234375
13 0.6765625 0.42265625 0.075 0.10390625
7 0.596875 0.44296875 0.053125 0.04765625
7 0.34375 0.45234375 0.053125 0.0875
7 0.5109375 0.47578125 0.059375 0.06015625
13 0.74609375 0.478125 0.1015625 0.13515625
13 0.6171875 0.49765625 0.071875 0.1125
7 0.52890625 0.50078125 0.0453125 0.04765625
7 0.22265625 0.5375 0.0828125 0.09609375
13 0.66328125 0.54609375 0.1046875 0.18359375
7 0.334375 0.55234375 0.071875 0.0875
13 0.5265625 0.58671875 0.06875 0.13984375
13 0.53359375 0.58671875 0.0734375 0.12734375
13 0.72265625 0.63203125 0.0484375 0.13984375
7 0.54765625 0.678125 0.0046875 0.00625
7 0.5765625 0.70625 0.1 0.125
2 0.85546875 0.72734375 0.2328125 0.36640625
7 0.609375 0.834375 0.115625 0.14765625
7 0.93359375 0.8484375 0.1328125 0.303125
7 0.64765625 0.9484375 0.1390625 0.103125