7 0.39609375 0.32421875 0.0234375 0.02734375
1 0.59296875 0.32421875 0.0453125 0.06484375
2 0.56328125 0.325 0.0421875 0.05859375
7 0.3859375 0.34609375 0.028125 0.03359375
7 0.33671875 0.36640625 0.0328125 0.04609375
7 0.59921875 0.37421875 0.0359375 0.04765625
7 0.48203125 0.38046875 0.0390625 0.04375
7 0.30859375 0.390625 0.0390625 0.04765625
7 0.36953125 0.390625 0.0359375 0.04765625
2 0.5546875 0.39140625 0.059375 0.10390625
7 0.62890625 0.39765625 0.0421875 0.0625
7 0.49609375 0.40234375 0.0421875 0.05390625
2 0.21640625 0.403125 0.0953125 0.11484375
7 0.65390625 0.42265625 0.0515625 0.05859375
7 0.29609375 0.425 0.0515625 0.075
7 0.48828125 0.42734375 0.0453125 0.05390625
7 0.503125 0.43828125 0.034375 0.04375
7 0.5765625 0.43828125 0.04375 0.07265625
7 0.51015625 0.48203125 0.0546875 0.08125
2 0.78125 0.50625 0.171875 0.2125
7 0.30390625 0.58125 0.0921875 0.125
7 0.53125 0.58125 0.084375 0.11640625
7 0.690625 0.61796875 0.096875 0.15234375
7 0.8828125 0.67109375 0.128125 0.1375
7 0.5890625 0.715625 0.1 0.15625
7 0.97734375 0.81796875 0.0453125 0.16484375
7 0.9078125 0.89453125 0.184375 0.21015625
7 0.7328125 0.9625 0.140625 0.075