15 0.59921875 0.3625 0.0609375 0.0875
7 0.2796875 0.37109375 0.0375 0.04609375
16 0.54921875 0.37890625 0.0484375 0.1
7 0.4875 0.40546875 0.0375 0.05625
16 0.5765625 0.41875 0.059375 0.10859375
7 0.35859375 0.42109375 0.0453125 0.05390625
7 0.50625 0.45703125 0.046875 0.06015625
18 0.69375 0.47578125 0.1125 0.10625
7 0.55234375 0.50078125 0.0640625 0.07734375
12 0.21484375 0.515625 0.0890625 0.13125
5 0.54765625 0.603125 0.0921875 0.18515625
16 0.92578125 0.74375 0.1484375 0.2375
16 0.82734375 0.803125 0.2015625 0.32265625
7 0.64609375 0.83671875 0.1421875 0.22734375