13 0.3453125 0.33203125 0.05 0.08984375
7 0.38828125 0.33671875 0.0421875 0.06484375
7 0.52734375 0.346875 0.0390625 0.04765625
13 0.61640625 0.35234375 0.0546875 0.075
7 0.47734375 0.39921875 0.0515625 0.07265625
13 0.69921875 0.41328125 0.1203125 0.11015625
7 0.3578125 0.41953125 0.06875 0.06875
13 0.596875 0.42109375 0.08125 0.125
7 0.53984375 0.42265625 0.0609375 0.075
7 0.4828125 0.4375 0.053125 0.0625
7 0.5046875 0.48046875 0.053125 0.08515625
7 0.334375 0.48984375 0.06875 0.0875
13 0.63671875 0.509375 0.0421875 0.11015625
7 0.51796875 0.53203125 0.0609375 0.10625
7 0.84453125 0.534375 0.0859375 0.10625
2 0.71328125 0.54609375 0.1515625 0.23359375
7 0.5640625 0.60703125 0.121875 0.11875
2 0.10546875 0.62421875 0.2109375 0.33515625
7 0.59140625 0.74375 0.1203125 0.20390625
2 0.84609375 0.75 0.3078125 0.5
7 0.64609375 0.94453125 0.1828125 0.11015625