7 0.4015625 0.30390625 0.021875 0.025
13 0.3328125 0.30390625 0.03125 0.05
2 0.57265625 0.31015625 0.0578125 0.06640625
7 0.365625 0.31640625 0.034375 0.04140625
8 0.515625 0.33984375 0.053125 0.06640625
7 0.475 0.34296875 0.034375 0.03125
7 0.38046875 0.36328125 0.0390625 0.04765625
7 0.4734375 0.36875 0.034375 0.0375
7 0.4828125 0.39921875 0.040625 0.05625
2 0.578125 0.4 0.09375 0.1625
7 0.63046875 0.425 0.0484375 0.07109375
1 0.70546875 0.44921875 0.1109375 0.18125
7 0.503125 0.46796875 0.05 0.06875
7 0.5375 0.5625 0.08125 0.10859375
8 0.86015625 0.603125 0.2015625 0.21875
7 0.23671875 0.73515625 0.1359375 0.15
7 0.60078125 0.753125 0.1234375 0.18984375
7 0.8546875 0.83046875 0.165625 0.19765625