8 0.23671875 0.36484375 0.0765625 0.075
7 0.32890625 0.375 0.0296875 0.04609375
7 0.56640625 0.40546875 0.0390625 0.05234375
7 0.36875 0.434375 0.04375 0.05234375
7 0.50078125 0.43828125 0.0453125 0.06484375
8 0.2234375 0.45625 0.128125 0.18359375
16 0.68359375 0.46953125 0.0734375 0.11015625
7 0.59375 0.48046875 0.053125 0.06484375
2 0.10390625 0.48125 0.1234375 0.15859375
7 0.53125 0.51015625 0.05625 0.08359375
16 0.65546875 0.540625 0.0984375 0.13984375
7 0.578125 0.70390625 0.109375 0.1625
8 0.08828125 0.70625 0.1765625 0.41640625