13 0.30546875 0.31953125 0.0328125 0.05234375
2 0.3578125 0.31875 0.053125 0.08359375
1 0.371875 0.33515625 0.00625 0.00390625
1 0.325 0.38203125 0.04375 0.04375
7 0.56171875 0.428125 0.0484375 0.06875
7 0.49609375 0.45 0.0640625 0.0625
2 0.59765625 0.45546875 0.0640625 0.10625
2 0.634375 0.49375 0.0875 0.15
2 0.8203125 0.5 0.209375 0.2
7 0.49609375 0.50625 0.0484375 0.07890625
7 0.53125 0.56484375 0.090625 0.10859375
1 0.14140625 0.59375 0.2015625 0.28359375
13 0.7421875 0.61796875 0.090625 0.13125
7 0.54296875 0.6375 0.0765625 0.14140625
7 0.65703125 0.67109375 0.1140625 0.16640625
2 0.825 0.70390625 0.190625 0.36640625
2 0.90859375 0.8234375 0.1828125 0.353125
7 0.21015625 0.86640625 0.1484375 0.19609375
7 0.59921875 0.87890625 0.1390625 0.24140625