4 0.5484375 0.3625 0.0625 0.0875
15 0.6625 0.3875 0.1 0.1125
7 0.48125 0.39296875 0.0375 0.04375
7 0.490625 0.43515625 0.05 0.0625
4 0.58515625 0.43515625 0.0828125 0.15859375
7 0.509375 0.45234375 0.04375 0.0375
7 0.71640625 0.490625 0.0359375 0.06484375
15 0.65546875 0.5 0.1234375 0.22890625
7 0.51484375 0.50625 0.0640625 0.0875
7 0.7609375 0.52578125 0.065625 0.07265625
7 0.5515625 0.57265625 0.096875 0.12109375
7 0.79765625 0.578125 0.0703125 0.09765625
7 0.29140625 0.62578125 0.0859375 0.12265625
7 0.88515625 0.64453125 0.1171875 0.15234375
7 0.7453125 0.68984375 0.115625 0.15
7 0.5765625 0.70859375 0.10625 0.15
7 0.97421875 0.81171875 0.0515625 0.16875
7 0.04609375 0.81796875 0.0921875 0.14765625