7 0.5765625 0.35546875 0.046875 0.05625
7 0.53515625 0.37421875 0.0296875 0.03984375
7 0.6 0.39140625 0.034375 0.04140625
13 0.6359375 0.39609375 0.04375 0.05859375
7 0.4953125 0.425 0.0375 0.05390625
7 0.5671875 0.42578125 0.0375 0.05234375
2 0.7265625 0.459375 0.140625 0.21015625
7 0.52109375 0.4875 0.0609375 0.0875
8 0.09765625 0.496875 0.1078125 0.12734375
2 0.6296875 0.50078125 0.115625 0.16015625
7 0.55234375 0.61328125 0.0765625 0.12734375
7 0.921875 0.72734375 0.140625 0.13359375
7 0.60859375 0.80703125 0.1265625 0.19765625
7 0.86875 0.9 0.165625 0.19140625