8 0.22265625 0.37578125 0.0859375 0.08515625
7 0.31796875 0.38671875 0.0328125 0.04765625
7 0.5609375 0.39765625 0.0375 0.05
7 0.49765625 0.42578125 0.0421875 0.06015625
16 0.67109375 0.453125 0.0640625 0.09765625
7 0.359375 0.4625 0.05 0.05859375
7 0.5828125 0.46328125 0.05 0.06015625
8 0.203125 0.48046875 0.140625 0.19765625
7 0.52421875 0.490625 0.0546875 0.08125
16 0.63515625 0.515625 0.0859375 0.12734375
2 0.06875 0.52109375 0.1375 0.2
7 0.5609375 0.65859375 0.096875 0.15
7 0.91015625 0.8953125 0.1796875 0.209375