8 0.33203125 0.35546875 0.0359375 0.04375
16 0.25625 0.359375 0.071875 0.08984375
7 0.38203125 0.378125 0.0359375 0.03984375
15 0.6328125 0.38359375 0.0625 0.1125
7 0.31484375 0.39453125 0.0359375 0.04375
18 0.57421875 0.39921875 0.0859375 0.11484375
7 0.49453125 0.41953125 0.0359375 0.06015625
16 0.26640625 0.44453125 0.0671875 0.12265625
7 0.3390625 0.49765625 0.065625 0.07109375
7 0.52734375 0.55625 0.0703125 0.09609375
2 0.078125 0.5625 0.15625 0.32109375
15 0.7375 0.59140625 0.178125 0.3125
7 0.18046875 0.59921875 0.0921875 0.11015625
7 0.2828125 0.66796875 0.09375 0.13515625