16 0.265625 0.36484375 0.040625 0.05859375
7 0.3859375 0.375 0.03125 0.04140625
16 0.23828125 0.390625 0.0484375 0.06875
7 0.66640625 0.396875 0.0390625 0.04375
7 0.6171875 0.40859375 0.040625 0.05
7 0.565625 0.41015625 0.040625 0.0625
16 0.24609375 0.45 0.0734375 0.10859375
7 0.66953125 0.45078125 0.0578125 0.07265625
7 0.353125 0.46875 0.05 0.0625
7 0.15859375 0.475 0.0578125 0.08359375
7 0.515625 0.50703125 0.059375 0.08984375
16 0.2109375 0.509375 0.0875 0.14765625
7 0.31640625 0.578125 0.0671875 0.08125
7 0.65703125 0.57890625 0.0765625 0.09140625
15 0.83125 0.59609375 0.196875 0.2
7 0.5625 0.63046875 0.0875 0.11875
7 0.04921875 0.65859375 0.0984375 0.12890625
7 0.26875 0.709375 0.109375 0.13125
7 0.8078125 0.771875 0.128125 0.15234375