4 0.54375 0.35859375 0.0625 0.0875
7 0.4734375 0.36328125 0.028125 0.03125
15 0.65625 0.390625 0.0875 0.11875
7 0.48125 0.39296875 0.0375 0.04375
4 0.58515625 0.43359375 0.0828125 0.15859375
7 0.490625 0.43515625 0.05 0.0625
7 0.509375 0.45234375 0.04375 0.0375
7 0.71640625 0.490625 0.0359375 0.06484375
15 0.65546875 0.5 0.1234375 0.22890625
7 0.51484375 0.50625 0.0640625 0.0875
7 0.7609375 0.52578125 0.065625 0.07265625
7 0.5515625 0.57265625 0.096875 0.12109375
7 0.79765625 0.578125 0.0703125 0.09765625
7 0.8625 0.62734375 0.1 0.11640625
7 0.703125 0.63984375 0.096875 0.14140625
7 0.559375 0.65546875 0.096875 0.11875
7 0.134375 0.65625 0.103125 0.125
7 0.259375 0.70703125 0.09375 0.12734375
7 0.61484375 0.85234375 0.1390625 0.22109375