17 0.34609375 0.33671875 0.0390625 0.06875
7 0.38359375 0.34765625 0.0359375 0.04140625
7 0.51015625 0.34765625 0.0265625 0.03359375
7 0.48515625 0.365625 0.0296875 0.04375
16 0.2375 0.38125 0.06875 0.08359375
18 0.303125 0.38203125 0.075 0.10625
18 0.1375 0.46484375 0.15625 0.15390625
7 0.34453125 0.47421875 0.0546875 0.07734375
7 0.60390625 0.525 0.0640625 0.09609375
7 0.55234375 0.61875 0.0828125 0.14140625
4 0.11015625 0.65859375 0.2203125 0.3375
7 0.27578125 0.67265625 0.1046875 0.12890625
7 0.8828125 0.88125 0.18125 0.2375