4 0.546875 0.365625 0.0625 0.08984375
7 0.48046875 0.39453125 0.0328125 0.04375
7 0.48828125 0.40703125 0.0328125 0.03125
7 0.553125 0.41328125 0.040625 0.04375
7 0.49765625 0.434375 0.0515625 0.05625
7 0.56484375 0.44375 0.0359375 0.05859375
7 0.50859375 0.47890625 0.0515625 0.08359375
4 0.65703125 0.521875 0.1390625 0.24375
7 0.74609375 0.53125 0.0546875 0.09140625
7 0.30625 0.540625 0.06875 0.08984375
7 0.53984375 0.56953125 0.0765625 0.09765625
7 0.578125 0.70625 0.103125 0.125
15 0.8890625 0.7796875 0.221875 0.440625