2 0.35859375 0.315625 0.0390625 0.05625
13 0.31640625 0.325 0.0296875 0.04609375
12 0.38125 0.34140625 0.028125 0.04609375
7 0.3703125 0.38046875 0.0375 0.04375
2 0.6453125 0.38203125 0.078125 0.12265625
13 0.553125 0.3875 0.046875 0.0875
7 0.57109375 0.42421875 0.0328125 0.05234375
2 0.1609375 0.44609375 0.11875 0.15859375
7 0.5953125 0.44765625 0.04375 0.06640625
13 0.7078125 0.46171875 0.090625 0.13515625
7 0.50234375 0.4625 0.0390625 0.0625
7 0.5171875 0.49453125 0.059375 0.08125
7 0.3265625 0.5 0.0625 0.08359375
13 0.62265625 0.509375 0.0671875 0.13515625
7 0.53046875 0.534375 0.0640625 0.08515625
13 0.66796875 0.54921875 0.1078125 0.20234375
7 0.55859375 0.57734375 0.0703125 0.10390625
13 0.85390625 0.578125 0.1296875 0.20234375
13 0.5359375 0.62265625 0.08125 0.15859375
13 0.76484375 0.65078125 0.0984375 0.16015625
2 0.86328125 0.734375 0.2296875 0.38984375
7 0.5734375 0.74140625 0.1 0.175
7 0.61328125 0.86171875 0.1359375 0.20625
13 0.1640625 0.90078125 0.1625 0.19765625
7 0.64296875 0.95078125 0.1515625 0.09765625