2 0.3796875 0.28671875 0.025 0.03984375
12 0.409375 0.29375 0.021875 0.02890625
13 0.3421875 0.29921875 0.025 0.03515625
7 0.4015625 0.30546875 0.01875 0.02265625
7 0.39453125 0.32421875 0.0265625 0.03515625
2 0.2890625 0.33671875 0.053125 0.08125
13 0.3765625 0.35859375 0.03125 0.04609375
7 0.48125 0.38046875 0.034375 0.05625
13 0.553125 0.3875 0.046875 0.0875
13 0.3 0.390625 0.05625 0.08125
13 0.1859375 0.42265625 0.0875 0.10859375
2 0.6890625 0.42265625 0.1125 0.18359375
7 0.57109375 0.42421875 0.0328125 0.05234375
7 0.48671875 0.42734375 0.0359375 0.06640625
7 0.5953125 0.44765625 0.04375 0.06640625
7 0.35859375 0.45 0.0546875 0.05859375
7 0.50234375 0.4625 0.0390625 0.0625
7 0.5171875 0.49453125 0.059375 0.08125
13 0.7484375 0.50234375 0.103125 0.15859375
13 0.62265625 0.509375 0.0671875 0.13515625
7 0.53046875 0.534375 0.0640625 0.08515625
13 0.66796875 0.54921875 0.1078125 0.20234375
7 0.8765625 0.553125 0.06875 0.07265625
7 0.3203125 0.559375 0.071875 0.09765625
7 0.55859375 0.57734375 0.0703125 0.10390625
13 0.5359375 0.62265625 0.08125 0.15859375
13 0.76484375 0.65078125 0.0984375 0.16015625
2 0.86328125 0.734375 0.2296875 0.38984375
7 0.5734375 0.74140625 0.1 0.175
7 0.61328125 0.86171875 0.1359375 0.20625
7 0.17578125 0.9328125 0.1578125 0.134375
7 0.64296875 0.95078125 0.1515625 0.09765625