13 0.33515625 0.32890625 0.0421875 0.05390625
7 0.3921875 0.33984375 0.028125 0.03359375
2 0.26875 0.353125 0.0625 0.08984375
13 0.60546875 0.36484375 0.0515625 0.0875
2 0.31328125 0.38359375 0.0734375 0.09140625
7 0.36875 0.39140625 0.034375 0.05390625
13 0.6375 0.4 0.071875 0.1125
7 0.70078125 0.41875 0.0671875 0.0625
7 0.590625 0.43828125 0.05625 0.06015625
13 0.69765625 0.48359375 0.0734375 0.08359375
13 0.50703125 0.5 0.0640625 0.10390625
13 0.62109375 0.50859375 0.0734375 0.1375
13 0.19453125 0.51015625 0.1140625 0.15859375
7 0.33359375 0.51015625 0.0921875 0.11640625
2 0.8046875 0.52109375 0.11875 0.14140625
13 0.67578125 0.553125 0.1203125 0.20234375
7 0.5125 0.57578125 0.078125 0.11015625
13 0.09453125 0.61640625 0.1421875 0.19609375
7 0.55859375 0.625 0.0828125 0.10859375
13 0.740625 0.62734375 0.071875 0.1375
2 0.84921875 0.70390625 0.2171875 0.32890625
7 0.58671875 0.740625 0.1265625 0.17734375
7 0.9296875 0.8375 0.140625 0.325
7 0.74140625 0.890625 0.1578125 0.21875