16 0.31328125 0.41796875 0.0546875 0.06875
16 0.2625 0.43984375 0.05625 0.06640625
7 0.39921875 0.45078125 0.0421875 0.05234375
7 0.34375 0.45546875 0.03125 0.04765625
7 0.38515625 0.475 0.0515625 0.05859375
16 0.25234375 0.53125 0.1203125 0.16640625
7 0.37734375 0.546875 0.0609375 0.07265625
7 0.35234375 0.60390625 0.0734375 0.0875
7 0.33203125 0.659375 0.0890625 0.13125
15 0.15078125 0.66015625 0.2203125 0.31640625
7 0.5796875 0.68203125 0.1 0.13984375
7 0.296875 0.76171875 0.10625 0.16875
7 0.26015625 0.9046875 0.1359375 0.190625