7 0.31953125 0.42578125 0.0296875 0.03984375
7 0.3546875 0.43203125 0.034375 0.03984375
7 0.40078125 0.43984375 0.0328125 0.0375
13 0.290625 0.44921875 0.046875 0.05234375
7 0.4953125 0.45234375 0.03125 0.04140625
7 0.3359375 0.46328125 0.040625 0.04375
7 0.603125 0.46484375 0.046875 0.04609375
7 0.40078125 0.47734375 0.0390625 0.0375
7 0.3203125 0.49609375 0.040625 0.04140625
7 0.51953125 0.496875 0.0390625 0.06015625
7 0.234375 0.5 0.040625 0.04609375
7 0.3796875 0.515625 0.046875 0.04765625
13 0.6078125 0.51953125 0.0625 0.08984375
7 0.3046875 0.53125 0.040625 0.06640625
7 0.3734375 0.56171875 0.046875 0.05625
15 0.121875 0.5625 0.153125 0.17109375
13 0.24453125 0.56875 0.0921875 0.125
7 0.38359375 0.61328125 0.0640625 0.08515625
13 0.19609375 0.640625 0.1171875 0.16015625
16 0.03515625 0.68359375 0.0703125 0.1875
7 0.3125 0.69140625 0.090625 0.10390625
7 0.29375 0.80859375 0.1 0.125
16 0.09140625 0.82890625 0.1828125 0.34140625
7 0.228125 0.94140625 0.15 0.11640625