7 0.31640625 0.43203125 0.0296875 0.03984375
7 0.56484375 0.434375 0.0359375 0.03984375
7 0.35 0.43671875 0.03125 0.03515625
7 0.3984375 0.44609375 0.034375 0.0375
13 0.28515625 0.45078125 0.0453125 0.05625
7 0.503125 0.45625 0.034375 0.04609375
7 0.33203125 0.46796875 0.0390625 0.03984375
13 0.578125 0.47734375 0.046875 0.07109375
7 0.3984375 0.48203125 0.040625 0.03984375
7 0.31640625 0.49921875 0.0421875 0.04375
7 0.221875 0.50703125 0.040625 0.03984375
7 0.378125 0.52265625 0.04375 0.05
7 0.3046875 0.53125 0.040625 0.06640625
13 0.24453125 0.56875 0.0921875 0.125
7 0.37265625 0.56875 0.0453125 0.05390625
16 0.10625 0.56875 0.153125 0.17109375
7 0.38203125 0.61328125 0.0671875 0.08515625
13 0.19609375 0.640625 0.1171875 0.16015625
16 0.03515625 0.68359375 0.0703125 0.1875
7 0.31015625 0.69140625 0.0953125 0.10390625
7 0.59921875 0.696875 0.0890625 0.11875
7 0.29140625 0.80859375 0.1046875 0.125
16 0.09140625 0.82890625 0.1828125 0.34140625
7 0.228125 0.94140625 0.15 0.11640625
7 0.67578125 0.94453125 0.1390625 0.11015625