7 0.55546875 0.428125 0.0296875 0.03515625
7 0.31484375 0.43046875 0.0296875 0.03984375
7 0.35 0.434375 0.03125 0.03515625
7 0.39765625 0.44609375 0.0359375 0.04140625
7 0.50078125 0.44921875 0.0328125 0.04375
13 0.284375 0.45390625 0.046875 0.05859375
7 0.3296875 0.46875 0.0375 0.0375
13 0.571875 0.46875 0.04375 0.06640625
7 0.39765625 0.48125 0.0421875 0.04140625
7 0.31484375 0.5 0.0359375 0.0375
7 0.2203125 0.51484375 0.040625 0.04609375
7 0.378125 0.52265625 0.046875 0.05
7 0.3046875 0.53125 0.040625 0.06640625
13 0.24453125 0.56875 0.0921875 0.125
16 0.10625 0.56875 0.153125 0.17109375
7 0.3734375 0.56953125 0.05 0.05625
7 0.38359375 0.61328125 0.0640625 0.08515625
13 0.19609375 0.640625 0.1171875 0.16015625
7 0.58046875 0.65078125 0.0796875 0.10234375
16 0.03515625 0.68359375 0.0703125 0.1875
7 0.3125 0.69140625 0.090625 0.10390625
7 0.29375 0.80859375 0.1 0.125
16 0.09140625 0.82890625 0.1828125 0.34140625
7 0.65078125 0.89453125 0.1390625 0.21015625
13 0.9265625 0.9015625 0.146875 0.196875
7 0.228125 0.94140625 0.15 0.11640625