15 0.3265625 0.40703125 0.034375 0.05625
7 0.5203125 0.41015625 0.025 0.03359375
16 0.2890625 0.41328125 0.05 0.04375
16 0.23828125 0.4375 0.0640625 0.06640625
7 0.3578125 0.44375 0.028125 0.03359375
7 0.39453125 0.44921875 0.0296875 0.05234375
7 0.51328125 0.459375 0.0328125 0.04765625
7 0.32421875 0.49140625 0.0265625 0.05
7 0.38125 0.51484375 0.04375 0.05859375
16 0.26328125 0.52109375 0.1109375 0.1625
7 0.359375 0.56953125 0.05625 0.07734375
7 0.33203125 0.64921875 0.0953125 0.11015625
15 0.14765625 0.65078125 0.2203125 0.30234375
7 0.2921875 0.76328125 0.103125 0.13125
16 0.0625 0.86328125 0.125 0.27265625
7 0.2578125 0.9140625 0.16875 0.171875