16 0.3671875 0.396875 0.040625 0.05625
15 0.3375 0.42421875 0.065625 0.10234375
7 0.40078125 0.43828125 0.0296875 0.03125
7 0.39609375 0.46171875 0.0359375 0.03515625
13 0.26328125 0.478125 0.0546875 0.07734375
7 0.3859375 0.484375 0.034375 0.04765625
16 0.3 0.4875 0.071875 0.0875
13 0.2046875 0.509375 0.0625 0.06484375
7 0.37421875 0.53515625 0.0453125 0.0625
13 0.12421875 0.584375 0.1046875 0.11015625
7 0.3515625 0.62421875 0.06875 0.08984375
1 0.1828125 0.66171875 0.19375 0.25625
7 0.30078125 0.7625 0.0953125 0.12109375