1 0.35703125 0.415625 0.0484375 0.07265625
13 0.30703125 0.42890625 0.0453125 0.06640625
7 0.39609375 0.453125 0.0390625 0.04375
15 0.31796875 0.45625 0.0734375 0.09609375
7 0.50859375 0.465625 0.0390625 0.05234375
16 0.25234375 0.46640625 0.0546875 0.09140625
7 0.38828125 0.49140625 0.0421875 0.05
7 0.3734375 0.53203125 0.05 0.06015625
7 0.54453125 0.54765625 0.0609375 0.075
16 0.27265625 0.54921875 0.0859375 0.11484375
15 0.12734375 0.55234375 0.1703125 0.20859375
7 0.34921875 0.5875 0.0578125 0.06640625
7 0.33125 0.64609375 0.075 0.1
12 0.32734375 0.71796875 0.0859375 0.12734375
7 0.290625 0.83984375 0.1125 0.15