13 0.325 0.4125 0.034375 0.04140625
7 0.36796875 0.41953125 0.0296875 0.03515625
7 0.4921875 0.42578125 0.028125 0.03515625
12 0.40703125 0.43671875 0.0296875 0.03984375
13 0.60625 0.44375 0.0375 0.05
7 0.346875 0.453125 0.03125 0.03984375
7 0.39765625 0.47421875 0.0359375 0.04765625
13 0.5796875 0.47578125 0.046875 0.06875
16 0.24296875 0.47890625 0.0609375 0.0875
16 0.3078125 0.49140625 0.059375 0.0875
7 0.3875 0.51640625 0.04375 0.05
13 0.18984375 0.51875 0.0703125 0.09140625
7 0.53515625 0.54453125 0.0484375 0.07265625
16 0.115625 0.58828125 0.10625 0.16015625
13 0.21875 0.60546875 0.1 0.13984375
7 0.328125 0.71484375 0.084375 0.1125