7 0.59375 0.4375 0.028125 0.0375
16 0.27421875 0.44609375 0.0671875 0.10859375
7 0.3921875 0.44921875 0.034375 0.04375
7 0.34140625 0.46015625 0.0328125 0.04140625
7 0.22421875 0.46796875 0.0453125 0.03984375
7 0.56640625 0.46796875 0.0359375 0.05234375
7 0.5125 0.47421875 0.034375 0.05234375
7 0.2171875 0.50390625 0.040625 0.04609375
16 0.29765625 0.51484375 0.0828125 0.12109375
7 0.384375 0.51875 0.046875 0.05390625
7 0.5265625 0.55 0.05 0.08359375
13 0.64296875 0.56640625 0.0859375 0.14140625
7 0.103125 0.56875 0.071875 0.07890625
7 0.346875 0.59921875 0.0625 0.08125
7 0.12109375 0.61015625 0.0796875 0.09609375
7 0.54453125 0.64375 0.0671875 0.09609375
7 0.1984375 0.65703125 0.0875 0.11015625
1 0.8734375 0.825 0.253125 0.35
7 0.1390625 0.82578125 0.159375 0.15625