13 0.33046875 0.40703125 0.0265625 0.03515625
7 0.36640625 0.42265625 0.0296875 0.03359375
7 0.4109375 0.42734375 0.03125 0.03359375
7 0.2828125 0.44609375 0.034375 0.04609375
7 0.5046875 0.44609375 0.0375 0.04609375
7 0.6140625 0.45859375 0.040625 0.05
7 0.33984375 0.46015625 0.0328125 0.04140625
7 0.39453125 0.47578125 0.0390625 0.04765625
7 0.325 0.48828125 0.0375 0.05625
16 0.18515625 0.51328125 0.1078125 0.14375
13 0.2859375 0.51640625 0.065625 0.09609375
7 0.37890625 0.51796875 0.0421875 0.05625
7 0.54375 0.55234375 0.0625 0.08359375
7 0.3921875 0.55859375 0.05 0.075
7 0.653125 0.58046875 0.071875 0.08125
7 0.7796875 0.61484375 0.059375 0.08359375
13 0.20703125 0.61953125 0.1046875 0.15234375
16 0.05234375 0.64765625 0.1046875 0.21640625
7 0.32265625 0.65390625 0.0796875 0.1125
13 0.8765625 0.74609375 0.20625 0.29609375
7 0.29296875 0.803125 0.1015625 0.12734375
16 0.0921875 0.82890625 0.184375 0.34140625
7 0.23203125 0.9375 0.1515625 0.125