13 0.29609375 0.43203125 0.0515625 0.07265625
1 0.3421875 0.43359375 0.0625 0.09140625
7 0.49921875 0.45703125 0.0359375 0.03984375
16 0.2546875 0.46015625 0.059375 0.0625
7 0.38828125 0.471875 0.0390625 0.04375
7 0.5984375 0.496875 0.046875 0.07265625
16 0.209375 0.50234375 0.071875 0.10859375
7 0.38359375 0.50234375 0.0421875 0.04140625
15 0.28359375 0.50390625 0.0921875 0.13359375
7 0.5296875 0.53359375 0.046875 0.0625
7 0.3734375 0.540625 0.05 0.06015625
7 0.35234375 0.58671875 0.0640625 0.06484375
16 0.196875 0.64140625 0.140625 0.1875
7 0.33125 0.64765625 0.075 0.1
15 0.0671875 0.67578125 0.134375 0.32734375
12 0.3296875 0.72578125 0.09375 0.13125
7 0.29375 0.84765625 0.115625 0.16640625
18 0.8984375 0.871875 0.203125 0.25625