15 0.58046875 0.40546875 0.0453125 0.08125
7 0.4890625 0.41171875 0.021875 0.03515625
16 0.3375 0.434375 0.059375 0.09375
7 0.39375 0.471875 0.0375 0.04375
7 0.53984375 0.47578125 0.0390625 0.05234375
7 0.52421875 0.52109375 0.0484375 0.075
15 0.24765625 0.54453125 0.1421875 0.20234375
7 0.35625 0.575 0.065625 0.0875
13 0.09765625 0.61640625 0.1296875 0.13359375
7 0.32890625 0.65234375 0.0765625 0.1
7 0.62421875 0.75390625 0.0984375 0.15390625
16 0.09453125 0.79921875 0.1890625 0.31015625
7 0.2671875 0.89453125 0.128125 0.16875