7 0.2875 0.4375 0.028125 0.04140625
15 0.57109375 0.44453125 0.0671875 0.12265625
7 0.3390625 0.45625 0.03125 0.04140625
13 0.634375 0.46484375 0.05625 0.09609375
15 0.24375 0.48125 0.078125 0.12109375
7 0.5109375 0.48125 0.0375 0.05390625
7 0.32265625 0.48671875 0.0421875 0.05625
7 0.37421875 0.51328125 0.0453125 0.06484375
7 0.2921875 0.53671875 0.05 0.06015625
15 0.16171875 0.53984375 0.1515625 0.17109375
7 0.55546875 0.55 0.0453125 0.07890625
7 0.3671875 0.57734375 0.05625 0.07890625
7 0.25859375 0.59140625 0.0671875 0.09140625
7 0.3296875 0.659375 0.078125 0.09375
7 0.62421875 0.81015625 0.1015625 0.1875
7 0.27265625 0.853125 0.1390625 0.20234375