13 0.3171875 0.421875 0.034375 0.05234375
7 0.40390625 0.43125 0.0328125 0.0375
13 0.27578125 0.46328125 0.0546875 0.06484375
7 0.328125 0.47109375 0.0375 0.04609375
12 0.39375 0.47734375 0.034375 0.05
7 0.29609375 0.509375 0.0390625 0.03984375
7 0.378125 0.53125 0.04375 0.0625
7 0.61640625 0.534375 0.0578125 0.08125
7 0.29453125 0.54921875 0.0546875 0.05625
16 0.16796875 0.55234375 0.0953125 0.12109375
7 0.35078125 0.63046875 0.0734375 0.08125
13 0.05703125 0.64921875 0.1140625 0.16484375
16 0.18125 0.67578125 0.128125 0.17734375