13 0.26484375 0.465625 0.0515625 0.07265625
1 0.31953125 0.47109375 0.0796875 0.1
7 0.38828125 0.471875 0.0390625 0.04375
16 0.2125 0.49140625 0.065625 0.06640625
7 0.38359375 0.50234375 0.0421875 0.04140625
7 0.3703125 0.54453125 0.05 0.06015625
15 0.22578125 0.58515625 0.1390625 0.1875
16 0.11953125 0.5875 0.0953125 0.15390625
7 0.35078125 0.596875 0.0640625 0.06484375
1 0.64375 0.609375 0.171875 0.25625
7 0.33125 0.65390625 0.075 0.1
12 0.3140625 0.75703125 0.103125 0.14765625
7 0.67265625 0.9 0.1640625 0.2