7 0.36796875 0.421875 0.0234375 0.03984375
7 0.56328125 0.4375 0.0359375 0.04609375
7 0.4046875 0.43828125 0.01875 0.03515625
7 0.50546875 0.44921875 0.0328125 0.04375
7 0.39765625 0.45546875 0.0234375 0.04375
7 0.34609375 0.45625 0.0296875 0.05
13 0.31328125 0.47734375 0.0578125 0.09609375
16 0.2296875 0.48125 0.084375 0.12890625
7 0.4015625 0.49140625 0.03125 0.05859375
7 0.615625 0.52109375 0.05 0.075
7 0.69296875 0.52890625 0.0578125 0.07109375
13 0.26484375 0.55078125 0.0703125 0.12265625
7 0.34921875 0.571875 0.0640625 0.08984375
16 0.096875 0.596875 0.165625 0.21875
7 0.3390625 0.65546875 0.071875 0.10234375
7 0.72265625 0.71328125 0.0921875 0.11875
7 0.58671875 0.71484375 0.0828125 0.14140625
16 0.09765625 0.78828125 0.1953125 0.32734375
7 0.2625 0.86953125 0.109375 0.20234375