15 0.3609375 0.403125 0.05625 0.08125
7 0.41328125 0.41171875 0.0328125 0.04375
16 0.29609375 0.42265625 0.0484375 0.075
16 0.33359375 0.45390625 0.0546875 0.0875
15 0.23203125 0.46796875 0.0984375 0.13125
7 0.39609375 0.47890625 0.0421875 0.05
7 0.3828125 0.51328125 0.05 0.06015625
7 0.35234375 0.57265625 0.0578125 0.06640625
18 0.10703125 0.61171875 0.2078125 0.27265625
7 0.33125 0.63984375 0.075 0.1
15 0.15546875 0.69921875 0.1953125 0.30625
12 0.32421875 0.715625 0.0859375 0.12734375
7 0.29375 0.8375 0.1125 0.15