15 0.5453125 0.415625 0.05 0.09375
13 0.58984375 0.42109375 0.0390625 0.06640625
7 0.49375 0.434375 0.025 0.03515625
7 0.2875 0.44140625 0.028125 0.04140625
7 0.3375 0.45625 0.03125 0.04140625
7 0.5140625 0.47421875 0.04375 0.05625
15 0.24375 0.48125 0.078125 0.12109375
7 0.31640625 0.490625 0.0421875 0.05625
7 0.37421875 0.51328125 0.0453125 0.06484375
7 0.28828125 0.54140625 0.0515625 0.06640625
15 0.14375 0.553125 0.159375 0.17734375
7 0.3671875 0.58125 0.05625 0.07890625
7 0.54921875 0.58671875 0.0609375 0.09375
7 0.25078125 0.60234375 0.0703125 0.09140625
7 0.3234375 0.67578125 0.075 0.08984375
7 0.65 0.8125 0.125 0.19140625
7 0.240625 0.915625 0.175 0.16875