16 0.35625 0.40625 0.05 0.075
7 0.40078125 0.44296875 0.0296875 0.03125
7 0.50546875 0.45390625 0.0359375 0.05859375
15 0.31484375 0.459375 0.0734375 0.12265625
15 0.6484375 0.46015625 0.075 0.1125
7 0.38828125 0.490625 0.0421875 0.05625
13 0.21328125 0.51796875 0.0796875 0.09765625
7 0.378125 0.51953125 0.046875 0.05625
16 0.24765625 0.55234375 0.1015625 0.13359375
13 0.1234375 0.60234375 0.10625 0.125
7 0.56875 0.60625 0.06875 0.09609375
7 0.34375 0.63359375 0.06875 0.09140625
7 0.30625 0.79921875 0.109375 0.13984375