16 0.35703125 0.4125 0.0453125 0.07109375
15 0.60078125 0.42265625 0.0515625 0.075
7 0.39921875 0.44296875 0.0296875 0.03125
15 0.30859375 0.46328125 0.0796875 0.13125
7 0.51640625 0.46875 0.0328125 0.05
7 0.384375 0.49375 0.04375 0.0625
13 0.19453125 0.52421875 0.0859375 0.09375
7 0.36875 0.53828125 0.05 0.06484375
16 0.221875 0.58125 0.1125 0.15859375
13 0.08984375 0.62734375 0.1171875 0.12890625
13 0.68203125 0.63046875 0.0828125 0.13125
7 0.32734375 0.690625 0.0796875 0.11015625
15 0.95234375 0.771875 0.0953125 0.32734375
7 0.28046875 0.89453125 0.1328125 0.16875
7 0.67734375 0.90390625 0.1546875 0.19140625