15 0.3609375 0.40234375 0.046875 0.06640625
16 0.30078125 0.41953125 0.0390625 0.06484375
16 0.34140625 0.44140625 0.0453125 0.06640625
16 0.5625 0.44296875 0.053125 0.07734375
15 0.2421875 0.45546875 0.08125 0.11875
7 0.3984375 0.46171875 0.028125 0.03984375
7 0.38828125 0.49921875 0.0421875 0.05234375
7 0.35859375 0.5625 0.0515625 0.05390625
18 0.1421875 0.571875 0.1875 0.23984375
15 0.20546875 0.61796875 0.1390625 0.22734375
7 0.3359375 0.62421875 0.0625 0.07734375
12 0.325 0.71640625 0.090625 0.12109375
7 0.29296875 0.83515625 0.1140625 0.14609375