7 0.54296875 0.37890625 0.0234375 0.0375
7 0.36015625 0.38125 0.0328125 0.04140625
7 0.51171875 0.38515625 0.0234375 0.02890625
7 0.4890625 0.403125 0.03125 0.04375
13 0.565625 0.40625 0.034375 0.04609375
7 0.375 0.4125 0.01875 0.025
7 0.40625 0.41640625 0.03125 0.0375
7 0.53359375 0.41875 0.0296875 0.04609375
7 0.359375 0.43359375 0.025 0.04140625
7 0.334375 0.44453125 0.05 0.06484375
7 0.41015625 0.45 0.0296875 0.05859375
7 0.56171875 0.45390625 0.0515625 0.06640625
16 0.25625 0.45546875 0.06875 0.11875
7 0.50625 0.46484375 0.059375 0.05390625
13 0.31640625 0.48359375 0.0671875 0.0875
7 0.64140625 0.48515625 0.0578125 0.07890625
7 0.38359375 0.50234375 0.0703125 0.07109375
7 0.6046875 0.52265625 0.05625 0.09140625
16 0.16484375 0.534375 0.1296875 0.16015625
7 0.371875 0.54921875 0.065625 0.07734375
7 0.05078125 0.60390625 0.1015625 0.09609375
7 0.5578125 0.60390625 0.10625 0.14140625
7 0.07890625 0.67109375 0.0578125 0.09609375
7 0.32265625 0.67265625 0.0828125 0.12890625
16 0.15390625 0.70859375 0.1984375 0.2625
7 0.94375 0.90078125 0.1125 0.19765625
7 0.05546875 0.9359375 0.1109375 0.128125