15 0.3609375 0.40390625 0.046875 0.06640625
16 0.30078125 0.41953125 0.0390625 0.06484375
16 0.5453125 0.421875 0.046875 0.07265625
16 0.34140625 0.44140625 0.0453125 0.06640625
15 0.2421875 0.45546875 0.08125 0.11875
7 0.3984375 0.46171875 0.028125 0.03984375
7 0.38515625 0.50703125 0.0421875 0.05234375
7 0.35703125 0.56875 0.0578125 0.05859375
18 0.134375 0.58203125 0.1875 0.23984375
7 0.3390625 0.63125 0.071875 0.09140625
15 0.1921875 0.64296875 0.153125 0.24375
12 0.325 0.71640625 0.090625 0.12109375
7 0.29296875 0.83515625 0.1140625 0.14609375