15 0.4859375 0.33984375 0.015625 0.02890625
7 0.46640625 0.35078125 0.0109375 0.01484375
16 0.340625 0.384375 0.034375 0.05625
13 0.36484375 0.40546875 0.0296875 0.04375
7 0.4 0.40703125 0.025 0.01875
13 0.30234375 0.428125 0.0421875 0.06015625
7 0.3984375 0.42890625 0.028125 0.02890625
16 0.34375 0.44375 0.04375 0.07109375
7 0.4 0.45234375 0.03125 0.03359375
7 0.25078125 0.453125 0.0328125 0.03515625
7 0.3921875 0.47109375 0.034375 0.04140625
7 0.2671875 0.478125 0.0375 0.03984375
7 0.31875 0.48359375 0.040625 0.05390625
7 0.37734375 0.49921875 0.0421875 0.05625
7 0.28359375 0.53671875 0.0453125 0.06015625
7 0.2609375 0.58203125 0.065625 0.08125
7 0.34453125 0.60546875 0.0671875 0.09765625
15 0.084375 0.60546875 0.16875 0.23984375
7 0.17890625 0.71796875 0.1015625 0.11015625