1 0.35234375 0.42421875 0.0578125 0.07734375
13 0.30703125 0.42890625 0.0453125 0.06640625
7 0.515625 0.45703125 0.034375 0.05625
7 0.38828125 0.471875 0.0390625 0.04375
15 0.30546875 0.47421875 0.0859375 0.11484375
16 0.23515625 0.47578125 0.0609375 0.09765625
7 0.38359375 0.50234375 0.0421875 0.04140625
7 0.3734375 0.540625 0.05 0.06015625
16 0.25078125 0.575 0.0984375 0.13359375
15 0.09296875 0.58515625 0.1859375 0.23359375
7 0.35234375 0.58671875 0.0640625 0.06484375
7 0.55625 0.60703125 0.071875 0.11015625
7 0.33125 0.64765625 0.075 0.1
7 0.72109375 0.678125 0.0953125 0.15234375
12 0.32890625 0.71796875 0.0859375 0.12734375
7 0.290625 0.83984375 0.1125 0.15