13 0.34453125 0.39609375 0.0265625 0.0375
7 0.38046875 0.40078125 0.0296875 0.03515625
12 0.41484375 0.40859375 0.0265625 0.025
7 0.36953125 0.42109375 0.0265625 0.03359375
7 0.40703125 0.43125 0.0234375 0.02890625
7 0.49140625 0.43125 0.0265625 0.04140625
16 0.28359375 0.44296875 0.0453125 0.06484375
16 0.34375 0.45234375 0.04375 0.05859375
7 0.4 0.46640625 0.034375 0.04140625
13 0.2296875 0.48515625 0.05625 0.075
13 0.2875 0.5125 0.065625 0.10390625
16 0.190625 0.51953125 0.075 0.10234375
7 0.36328125 0.59140625 0.0609375 0.075
16 0.209375 0.634375 0.109375 0.15625
7 0.32421875 0.74609375 0.1015625 0.12890625
7 0.6296875 0.803125 0.1125 0.18125
13 0.9015625 0.9 0.196875 0.2