16 0.346875 0.37109375 0.03125 0.04609375
13 0.52734375 0.38671875 0.0328125 0.04765625
16 0.3234375 0.39921875 0.046875 0.06875
7 0.4234375 0.40546875 0.021875 0.02734375
7 0.40390625 0.41015625 0.0234375 0.02890625
7 0.29765625 0.4125 0.0203125 0.03359375
13 0.359375 0.41484375 0.0375 0.05
7 0.2625 0.43203125 0.034375 0.03984375
7 0.396875 0.43203125 0.03125 0.03515625
7 0.51171875 0.43359375 0.0296875 0.0375
7 0.54375 0.434375 0.03125 0.03984375
7 0.40078125 0.44375 0.0328125 0.02890625
16 0.33515625 0.45703125 0.0578125 0.08515625
7 0.39921875 0.45859375 0.0359375 0.04609375
7 0.51171875 0.4625 0.0390625 0.04609375
7 0.26953125 0.46328125 0.0390625 0.05234375
7 0.3859375 0.48515625 0.04375 0.05390625
7 0.19765625 0.48671875 0.0328125 0.05234375
13 0.24296875 0.49296875 0.0703125 0.08984375
7 0.3 0.51015625 0.053125 0.07109375
7 0.3546875 0.58984375 0.071875 0.0875
7 0.25 0.60546875 0.071875 0.08984375
7 0.14140625 0.61640625 0.0765625 0.09140625