15 0.57421875 0.45078125 0.0703125 0.13515625
15 0.25078125 0.46484375 0.0734375 0.09609375
13 0.646875 0.47890625 0.05625 0.09609375
7 0.32265625 0.48671875 0.0421875 0.05625
7 0.5140625 0.49765625 0.0375 0.05390625
7 0.37421875 0.51328125 0.0453125 0.06484375
15 0.1625 0.534375 0.1375 0.16484375
7 0.2921875 0.53671875 0.05 0.06015625
7 0.3671875 0.56796875 0.053125 0.07265625
7 0.575 0.578125 0.059375 0.09375
7 0.25859375 0.59140625 0.0671875 0.09140625
7 0.33125 0.65234375 0.071875 0.08359375
7 0.27734375 0.83984375 0.1296875 0.17890625
7 0.6703125 0.9015625 0.1375 0.196875