7 0.36171875 0.43046875 0.0296875 0.03515625
7 0.4046875 0.43359375 0.028125 0.04140625
16 0.29296875 0.48671875 0.0921875 0.13515625
7 0.384375 0.4875 0.040625 0.05
13 0.2203125 0.49375 0.059375 0.07890625
7 0.36953125 0.54453125 0.0390625 0.06015625
7 0.32734375 0.64375 0.0796875 0.10859375
7 0.67734375 0.66171875 0.0984375 0.11484375
15 0.15546875 0.66484375 0.2203125 0.32890625
7 0.29140625 0.753125 0.0953125 0.12265625
16 0.0671875 0.8609375 0.134375 0.278125
7 0.2609375 0.91328125 0.1375 0.17265625