7 0.48359375 0.39609375 0.0359375 0.04140625
16 0.31484375 0.403125 0.0515625 0.08125
13 0.35390625 0.4125 0.0578125 0.0875
7 0.2828125 0.41484375 0.034375 0.05390625
7 0.3953125 0.43359375 0.046875 0.05859375
7 0.26953125 0.43984375 0.0515625 0.075
7 0.4015625 0.446875 0.040625 0.04765625
13 0.328125 0.46015625 0.078125 0.10390625
7 0.23046875 0.46640625 0.0515625 0.05859375
7 0.3921875 0.47890625 0.05625 0.075
7 0.25078125 0.48828125 0.0671875 0.07734375
7 0.365625 0.51953125 0.071875 0.08984375
13 0.1984375 0.53125 0.084375 0.11640625
7 0.2890625 0.53125 0.059375 0.07890625
7 0.53984375 0.53203125 0.0515625 0.06484375
7 0.12578125 0.55234375 0.0671875 0.0625
7 0.215625 0.66796875 0.09375 0.10625
7 0.32890625 0.6875 0.0890625 0.1125
7 0.05234375 0.75390625 0.1046875 0.13359375