13 0.31328125 0.41328125 0.0328125 0.03984375
16 0.59609375 0.42421875 0.0546875 0.09375
13 0.35078125 0.425 0.0390625 0.05390625
16 0.27890625 0.45 0.0453125 0.08359375
16 0.3265625 0.46875 0.05 0.07109375
7 0.39296875 0.48359375 0.0421875 0.04609375
15 0.1640625 0.53515625 0.128125 0.1625
7 0.3765625 0.5375 0.05625 0.06640625
15 0.6390625 0.54921875 0.115625 0.15234375
13 0.75859375 0.56015625 0.0890625 0.1375
7 0.29140625 0.5625 0.0546875 0.06640625
7 0.3359375 0.70234375 0.1 0.11640625
7 0.590625 0.71875 0.090625 0.15859375
7 0.9296875 0.78984375 0.140625 0.1625
18 0.1 0.8125 0.2 0.375
7 0.25 0.9265625 0.146875 0.146875