7 0.48359375 0.39921875 0.0296875 0.03125
15 0.29609375 0.425 0.0609375 0.07109375
7 0.3578125 0.4375 0.034375 0.05390625
7 0.5046875 0.44609375 0.040625 0.04140625
7 0.3890625 0.465625 0.03125 0.03515625
7 0.334375 0.47265625 0.03125 0.05
7 0.38203125 0.50078125 0.0484375 0.06875
16 0.2515625 0.54453125 0.1375 0.18125
7 0.371875 0.55078125 0.046875 0.07265625
16 0.128125 0.55390625 0.1375 0.15859375
7 0.34765625 0.59765625 0.0609375 0.07890625
13 0.80234375 0.63046875 0.1328125 0.18125
16 0.69609375 0.63359375 0.1140625 0.22109375
7 0.328125 0.6625 0.0875 0.11640625
15 0.128125 0.7 0.25625 0.36640625
7 0.290625 0.759375 0.115625 0.14375
7 0.2578125 0.9140625 0.140625 0.171875