7 0.3578125 0.42421875 0.03125 0.03984375
7 0.4046875 0.43125 0.03125 0.0375
7 0.49375 0.43515625 0.034375 0.0375
13 0.596875 0.43515625 0.040625 0.06640625
13 0.3 0.43828125 0.040625 0.04765625
7 0.55390625 0.44921875 0.0328125 0.03984375
7 0.340625 0.45703125 0.034375 0.03984375
7 0.40234375 0.46796875 0.0359375 0.03984375
7 0.246875 0.4875 0.04375 0.04609375
7 0.32421875 0.490625 0.0390625 0.04765625
7 0.51171875 0.50390625 0.0390625 0.05390625
7 0.38203125 0.51171875 0.0421875 0.04765625
7 0.303125 0.52265625 0.053125 0.06640625
7 0.67890625 0.528125 0.0640625 0.07265625
7 0.375 0.55703125 0.04375 0.06015625
15 0.125 0.56484375 0.14375 0.19140625
16 0.25078125 0.56953125 0.1015625 0.13125
7 0.55703125 0.59921875 0.0671875 0.10234375
7 0.3828125 0.60390625 0.0625 0.08359375
13 0.6703125 0.60859375 0.090625 0.14140625
16 0.1953125 0.640625 0.11875 0.15625
15 0.03984375 0.671875 0.0796875 0.18984375
7 0.3078125 0.68515625 0.096875 0.10390625
7 0.28984375 0.809375 0.1046875 0.13125
15 0.096875 0.82578125 0.19375 0.34765625
7 0.22890625 0.9390625 0.1546875 0.121875