7 0.31953125 0.428125 0.0296875 0.03984375
7 0.353125 0.434375 0.03125 0.03515625
7 0.490625 0.43515625 0.028125 0.0375
7 0.4 0.44296875 0.03125 0.03515625
13 0.290625 0.44921875 0.046875 0.05234375
7 0.58125 0.44921875 0.040625 0.04765625
7 0.334375 0.46484375 0.0375 0.0375
7 0.5109375 0.47578125 0.0375 0.05234375
7 0.39921875 0.47890625 0.0390625 0.0375
7 0.31953125 0.496875 0.0421875 0.04375
13 0.59140625 0.496875 0.0546875 0.07734375
7 0.2296875 0.50390625 0.046875 0.04609375
7 0.37890625 0.52109375 0.0453125 0.05
7 0.3046875 0.53125 0.040625 0.06640625
7 0.37265625 0.565625 0.0453125 0.05625
16 0.10625 0.56640625 0.153125 0.17109375
13 0.24453125 0.56875 0.0921875 0.125
7 0.38046875 0.61171875 0.0640625 0.08515625
13 0.19609375 0.640625 0.1171875 0.16015625
16 0.03515625 0.68359375 0.0703125 0.1875
7 0.3125 0.69140625 0.090625 0.10390625
7 0.29375 0.80859375 0.1 0.125
7 0.64140625 0.81484375 0.1140625 0.16640625
16 0.09140625 0.82890625 0.1828125 0.34140625
7 0.228125 0.94140625 0.15 0.11640625