15 0.3125 0.41015625 0.0375 0.07109375
13 0.584375 0.41015625 0.0375 0.0625
16 0.54921875 0.43046875 0.0421875 0.07734375
15 0.28359375 0.4375 0.0515625 0.08359375
7 0.39453125 0.45 0.0359375 0.03359375
7 0.371875 0.49453125 0.05 0.06875
16 0.17109375 0.515625 0.0859375 0.12265625
16 0.24140625 0.54765625 0.1296875 0.1875
7 0.375 0.55078125 0.065625 0.08125
7 0.5453125 0.59375 0.071875 0.11640625
7 0.34375 0.59765625 0.053125 0.0625
7 0.325 0.64921875 0.08125 0.10234375
7 0.29140625 0.753125 0.0984375 0.14375
15 0.10390625 0.775 0.2078125 0.45
7 0.2640625 0.90546875 0.134375 0.16875