16 0.3546875 0.371875 0.03125 0.04765625
15 0.521875 0.38671875 0.0375 0.06484375
7 0.47734375 0.39140625 0.0140625 0.025
13 0.32890625 0.40078125 0.0328125 0.04375
13 0.36484375 0.40546875 0.0296875 0.04375
7 0.4 0.40703125 0.025 0.01875
7 0.2890625 0.41953125 0.025 0.02734375
7 0.3984375 0.42890625 0.028125 0.02890625
7 0.30859375 0.43125 0.0265625 0.03359375
7 0.490625 0.43125 0.028125 0.04609375
16 0.34921875 0.43515625 0.0359375 0.0625
7 0.403125 0.45 0.03125 0.03359375
7 0.2765625 0.4625 0.03125 0.0375
7 0.334375 0.46328125 0.0375 0.05234375
7 0.3921875 0.46875 0.034375 0.04140625
7 0.51015625 0.46953125 0.0390625 0.05625
7 0.378125 0.49453125 0.0375 0.05234375
15 0.21328125 0.49609375 0.0984375 0.12890625
7 0.309375 0.50546875 0.046875 0.05625
7 0.371875 0.52109375 0.046875 0.0625
7 0.2765625 0.56796875 0.059375 0.06484375
15 0.0890625 0.60390625 0.178125 0.20390625
7 0.35234375 0.62890625 0.0671875 0.09140625
7 0.21484375 0.671875 0.0828125 0.12265625
7 0.2828125 0.77265625 0.103125 0.125