7 0.54296875 0.41953125 0.0296875 0.03515625
7 0.31328125 0.434375 0.0296875 0.03984375
7 0.49609375 0.43671875 0.0265625 0.03984375
7 0.34765625 0.440625 0.0328125 0.04765625
7 0.3953125 0.45078125 0.0375 0.03984375
17 0.5640625 0.45546875 0.040625 0.05234375
17 0.2796875 0.459375 0.046875 0.05234375
7 0.3296875 0.47109375 0.0375 0.04140625
7 0.39765625 0.48515625 0.0421875 0.04140625
7 0.3140625 0.50234375 0.04375 0.04609375
7 0.21484375 0.51953125 0.0453125 0.05625
7 0.37734375 0.52578125 0.0453125 0.04765625
7 0.3046875 0.53125 0.040625 0.06640625
7 0.3734375 0.565625 0.046875 0.04765625
17 0.24453125 0.56875 0.0921875 0.125
16 0.0953125 0.57734375 0.153125 0.17109375
7 0.5546875 0.58828125 0.0625 0.08515625
7 0.38359375 0.61328125 0.0640625 0.08515625
17 0.19609375 0.640625 0.1171875 0.16015625
16 0.03515625 0.68359375 0.0703125 0.1875
7 0.3125 0.69140625 0.090625 0.10390625
7 0.6015625 0.75234375 0.1 0.17109375
17 0.8078125 0.784375 0.1625 0.28515625
7 0.29375 0.80859375 0.1 0.125
16 0.09140625 0.82890625 0.1828125 0.34140625
7 0.228125 0.94140625 0.15 0.11640625