13 0.35234375 0.3875 0.0265625 0.0375
7 0.37578125 0.40625 0.0265625 0.03359375
15 0.53828125 0.40625 0.0453125 0.075
7 0.41484375 0.41640625 0.0234375 0.02890625
16 0.3015625 0.41953125 0.04375 0.05234375
16 0.35390625 0.43046875 0.0390625 0.05625
7 0.50078125 0.44140625 0.0328125 0.04140625
7 0.60625 0.44453125 0.0375 0.04375
7 0.40546875 0.44921875 0.0328125 0.03515625
13 0.25703125 0.45390625 0.0515625 0.07109375
13 0.3125 0.48046875 0.053125 0.08984375
16 0.2203125 0.48984375 0.065625 0.1
7 0.53359375 0.546875 0.0546875 0.08125
7 0.3734375 0.54921875 0.053125 0.06484375
16 0.26171875 0.56484375 0.0796875 0.12109375
7 0.34609375 0.66484375 0.0828125 0.10859375
15 0.05625 0.68671875 0.1125 0.29375
7 0.18125 0.76640625 0.10625 0.11640625