11 0.6671875 0.746875 0.046875 0.109375
11 0.503125 0.66953125 0.03359375 0.08125
7 0.57734375 0.67890625 0.04765625 0.06484375
7 0.6375 0.64765625 0.040625 0.078125
7 0.80078125 0.94765625 0.1328125 0.1046875
14 0.6 0.56484375 0.04375 0.08515625
9 0.40234375 0.94296875 0.0359375 0.1140625
9 0.45703125 0.9484375 0.04453125 0.103125
9 0.334375 0.84296875 0.0296875 0.1109375
9 0.51171875 0.80703125 0.02421875 0.09140625
9 0.54140625 0.82421875 0.02265625 0.090625
9 0.49765625 0.903125 0.0265625 0.1109375
7 0.56796875 0.93203125 0.0734375 0.13046875
11 0.95859375 0.6640625 0.040625 0.075
11 0.82265625 0.58359375 0.02421875 0.05
3 0.836853490625 0.5560646265625 0.8371384328125 0.582703325 0.8827300359375 0.5867242359375 0.8810203359375001 0.5093212703125001 0.7972458 0.4952480078125 0.7969876578124999 0.4967709 0.794681290625 0.560085575 0.808073809375 0.5651117421875 0.8094985453125 0.5500332421875 0.836853490625 0.5560646265625