11 0.221875 0.85078125 0.0640625 0.146875
10 0.0140625 0.75625 0.021875 0.096875
10 0.04453125 0.76875 0.0234375 0.1015625
11 0.36015625 0.88515625 0.10859375 0.14609375
14 0.52890625 0.79296875 0.103125 0.28125
14 0.60390625 0.69765625 0.0453125 0.15625
11 0.65 0.79609375 0.046875 0.14140625
7 0.75 0.853125 0.09296875 0.13515625
7 0.6640625 0.6609375 0.05234375 0.08984375
14 0.6203125 0.5921875 0.0421875 0.10546875
14 0.8328125 0.53984375 0.034375 0.075
11 0.95625 0.59921875 0.040625 0.0765625
9 0.53515625 0.57109375 0.015625 0.05390625
9 0.365625 0.58671875 0.015625 0.06953125
11 0.29453125 0.57890625 0.02421875 0.0609375