7 0.71953125 0.78359375 0.0734375 0.1015625
7 0.6625 0.8796875 0.10546875 0.14453125
7 0.55703125 0.95625 0.1 0.0875
7 0.35703125 0.80078125 0.11328125 0.17109375
7 0.0796875 0.7546875 0.09609375 0.084375
14 0.65625 0.62578125 0.0640625 0.1625
14 0.5890625 0.665625 0.05625 0.159375
14 0.50703125 0.67734375 0.08671875 0.23203125
9 0.96484375 0.73671875 0.0359375 0.11171875
9 0.809375 0.56484375 0.05078125 0.0796875
11 0.36640625 0.57421875 0.02578125 0.07109375
11 0.46328125 0.85 0.06015625 0.14921875