7 0.77734375 0.91875 0.090625 0.159375
7 0.05078125 0.7796875 0.1015625 0.09375
7 0.17578125 0.68203125 0.090625 0.071875
14 0.61171875 0.9015625 0.1015625 0.196875
7 0.62578125 0.6640625 0.04375 0.07890625
7 0.69296875 0.86484375 0.05546875 0.125
11 0.53984375 0.765625 0.0375 0.09921875
11 0.49921875 0.79296875 0.040625 0.1078125
7 0.5203125 0.6796875 0.04609375 0.0671875
9 0.46640625 0.85 0.02109375 0.10234375
9 0.415625 0.834375 0.03203125 0.10703125
9 0.44609375 0.8140625 0.02421875 0.10234375
9 0.4703125 0.72265625 0.01796875 0.0765625
9 0.45078125 0.69296875 0.0140625 0.065625
9 0.48046875 0.64296875 0.01640625 0.0640625
9 0.4578125 0.6296875 0.01640625 0.0640625
9 0.48203125 0.5640625 0.009375 0.0453125
9 0.4640625 0.5640625 0.01328125 0.04921875
11 0.5 0.590625 0.0203125 0.053125
7 0.54375 0.60859375 0.0375 0.053125
7 0.7109375 0.60625 0.034375 0.06171875
7 0.65703125 0.56171875 0.03046875 0.04609375
14 0.9625 0.7359375 0.075 0.175