6 0.67421875 0.915625 0.13515625 0.16875
7 0.38515625 0.684375 0.0875 0.11328125
14 0.34609375 0.578125 0.0609375 0.09296875
9 0.240625 0.6234375 0.025 0.065625
9 0.20703125 0.6921875 0.040625 0.0828125
9 0.16328125 0.69765625 0.0390625 0.06953125
9 0.47578125 0.690625 0.0359375 0.0796875
9 0.546875 0.70546875 0.04765625 0.0765625
9 0.65234375 0.7125 0.02578125 0.1
11 0.86796875 0.8984375 0.059375 0.18125
7 0.9015625 0.75078125 0.09140625 0.14453125
14 0.7203125 0.71796875 0.04609375 0.14375
7 0.640625 0.609375 0.05234375 0.0703125