7 0.33203125 0.64140625 0.04921875 0.07265625
11 0.17734375 0.66328125 0.05703125 0.06796875
9 0.3296875 0.8640625 0.0390625 0.1265625
11 0.43125 0.88046875 0.09609375 0.12109375
11 0.52421875 0.8671875 0.04921875 0.14765625
7 0.78203125 0.90390625 0.10625 0.134375
14 0.7289506765625 1 0.7224616765625 0.9397022921874999 0.648586634375 0.7433603515625 0.6401010046875 0.648271 0.5956773921875 0.62273775 0.5617680734375 0.649964434375 0.5846947046875 1 0.7289506765625 1
7 0.71171875 0.7765625 0.06796875 0.1046875
7 0.6609375 0.659375 0.0390625 0.07109375
7 0.54609375 0.59609375 0.03359375 0.06015625
7 0.5140625 0.62890625 0.0390625 0.0515625
9 0.978125 0.73046875 0.04375 0.1046875
14 0.61640625 0.5734375 0.04375 0.09375
9 0.23125 0.6453125 0.03203125 0.059375