7 0.29765625 0.66875 0.0625 0.0515625
7 0.67265625 0.93515625 0.0796875 0.12578125
7 0.76484375 0.88046875 0.08359375 0.1171875
7 0.61796875 0.803125 0.065625 0.10625
7 0.678125 0.74609375 0.071875 0.08359375
11 0.5625 0.8953125 0.04453125 0.13046875
9 0.60078125 0.9375 0.0359375 0.125
9 0.43359375 0.92890625 0.0390625 0.115625
9 0.48359375 0.6546875 0.01484375 0.07421875
9 0.50546875 0.64921875 0.01171875 0.06328125
9 0.8046875 0.67421875 0.02421875 0.06484375
14 0.7171875 0.56640625 0.03203125 0.0734375
7 0.625 0.6578125 0.04921875 0.0609375
11 0.53125 0.6875 0.03203125 0.08671875