14 0.6921875 0.71015625 0.08984375 0.16875
7 0.80390625 0.66953125 0.05859375 0.09375
7 0.653125 0.9203125 0.0875 0.13828125
7 0.828125 0.940625 0.125 0.11875
9 0.328125 0.8375 0.02890625 0.11953125
9 0.4 0.9390625 0.0359375 0.121875
9 0.5625 0.95 0.03671875 0.1
9 0.51484375 0.95 0.0296875 0.1
9 0.4875 0.91875 0.02265625 0.1140625
9 0.51640625 0.840625 0.0234375 0.1078125
11 0.86484375 0.5671875 0.0265625 0.04765625
11 0.81015625 0.58125 0.02734375 0.059375
11 0.3640625 0.59921875 0.02734375 0.0515625
11 0.4749041640625 0.9218492609375 0.4746640703125 0.8600173328125 0.4953124625 0.8540882015625 0.46433986406249994 0.8015734046875 0.4004893046875 0.8216940125000001 0.3925506859375 0.872722528125 0.42064210312499994 0.87611054375 0.41992180156250003 0.947683153125 0.4749041640625 0.9218492609375
11 0.5430919140625 0.8972858718750001 0.580547121875 0.89643886875 0.5841485859375 0.8278308109375001 0.5414112015625 0.8244427625 0.52988654375 0.862134865625 0.5306068078124999 0.9654704140625 0.5409310125 0.96292938125 0.5430919140625 0.8972858718750001