7 0.74140625 0.8265625 0.096875 0.1390625
7 0.6640625 0.67734375 0.0578125 0.0640625
7 0.60625 0.7171875 0.0625 0.0828125
7 0.55390625 0.8 0.06484375 0.1140625
11 0.47734375 0.7390625 0.0421875 0.115625
14 0.5015625 0.609375 0.065625 0.175
14 0.5625 0.58671875 0.04609375 0.121875
14 0.625 0.5765625 0.0515625 0.1203125
11 0.30390625 0.8640625 0.08671875 0.13359375
11 0.05625 0.9 0.08671875 0.1671875
7 0.0453125 0.7296875 0.090625 0.0875
14 0.79296875 0.5953125 0.05625 0.15
11 0.11484375 0.65078125 0.059375 0.06875