7 0.521875 0.75078125 0.05078125 0.0984375
7 0.1328125 0.85078125 0.08203125 0.096875
7 0.5734375 0.69453125 0.04765625 0.06875
7 0.66015625 0.70703125 0.0515625 0.07421875
7 0.71484375 0.78984375 0.071875 0.10078125
7 0.64765625 0.8453125 0.07265625 0.0875
7 0.609375 0.63671875 0.040625 0.0578125
11 0.5109375 0.63359375 0.028125 0.0625
11 0.5015625 0.88359375 0.04375 0.11875
14 0.8 0.63125 0.0484375 0.1078125
9 0.46796875 0.60234375 0.0140625 0.05078125
9 0.46328125 0.71171875 0.01875 0.07421875
9 0.42421875 0.8078125 0.01640625 0.0984375
9 0.39375 0.940625 0.0375 0.11796875
9 0.46171875 0.95234375 0.0296875 0.09375
9 0.59609375 0.8765625 0.0265625 0.115625
9 0.43515625 0.91015625 0.02265625 0.11171875
9 0.471875 0.80546875 0.01328125 0.08515625
7 0.359375 0.634375 0.04609375 0.059375