7 0.24296875 0.8421875 0.08984375 0.12109375
9 0.121875 0.840625 0.03515625 0.13125
9 0.33359375 0.84453125 0.02890625 0.1171875
9 0.4046875 0.9328125 0.0328125 0.1265625
9 0.5203125 0.8828125 0.02890625 0.11875
9 0.55 0.909375 0.02109375 0.12265625
9 0.484375 0.71640625 0.021875 0.09140625
9 0.5265625 0.7265625 0.01953125 0.07578125
11 0.6109375 0.6390625 0.03046875 0.071875
11 0.49609375 0.61875 0.02578125 0.059375
7 0.553125 0.60859375 0.034375 0.0546875
7 0.678125 0.74453125 0.0671875 0.0890625
7 0.765625 0.865625 0.08125 0.134375
7 0.6828125 0.92109375 0.0984375 0.1296875
7 0.83671875 0.7125 0.0484375 0.11171875
11 0.83125 0.62265625 0.0328125 0.0609375
3 0.884560459375 0.5251277203125 0.8815292203125 0.608312946875 0.9977422890625001 0.6905134625 1 0.54255256875 0.884560459375 0.5251277203125
3 0.6078125 0.5625 0.01640625 0.0015625
3 0.37890625 0.515625 0.03984375 0.06640625