14 0.72421875 0.75703125 0.10859375 0.2
14 0.61015625 0.7046875 0.0625 0.159375
7 0.52734375 0.69296875 0.0515625 0.08828125
7 0.50859375 0.59921875 0.03515625 0.06015625
7 0.63203125 0.93203125 0.1234375 0.1359375
9 0.4890625 0.80078125 0.0453125 0.11484375
7 0.3359375 0.81796875 0.1484375 0.1640625
11 0.18515625 0.87890625 0.07109375 0.16171875
11 0.18359375 0.71875 0.05546875 0.1015625
9 0.28125 0.68515625 0.03671875 0.08359375
7 0.10703125 0.76953125 0.08359375 0.1234375
9 0.46328125 0.56328125 0.0171875 0.05625