10 0.0315763578125 0.7616024140625 0.028094121875 0.71334161875 0.0106971890625 0.7125125406249999 0.015160128125 0.8037208515625001 0.025109360937500002 0.8045983734375 0.0315763578125 0.7616024140625
10 0.0544595453125 0.7168515078125 0.03806211875 0.7158051140625 0.033566192187499996 0.8054758296875001 0.05893674375 0.8089857171875 0.0544595453125 0.7168515078125
14 0.4822571625 0.853682559375 0.5688163171875 0.85159578125 0.5731541265625 0.6889017671875 0.5460640640625 0.6178065375 0.4883695390625 0.62379145625 0.4777221671875 0.6856985718749999 0.4822571625 0.853682559375
14 0.6098283953125 0.6338774515625001 0.5907025421875 0.59909816875 0.5443667999999999 0.6008371328125001 0.5473956046875 0.60980403125 0.5739428234374999 0.6891765140625 0.5737456546875 0.7260425484375 0.6098283953125 0.727433725 0.6098283953125 0.6338774515625001
11 0.63125 0.7421875 0.04140625 0.0984375
7 0.73563900625 0.72639035 0.711583815625 0.703783821875 0.67350859375 0.718294715625 0.674515221875 0.786558525 0.6977816703124999 0.8390752406249999 0.759102640625 0.8206422296874999 0.73563900625 0.72639035
11 0.24375 0.7890625 0.0515625 0.1375
9 0.3734375 0.56953125 0.01484375 0.046875
7 0.6575059203125 0.587782346875 0.62456830625 0.5890894390625 0.6183227390625 0.6186106015624999 0.6194502953125001 0.660377928125 0.6676541046875 0.66584745 0.6575059203125 0.587782346875
11 0.391710175 0.8121099359375 0.3154477875 0.822493571875 0.3143557015625 0.94524720625 0.42780893124999997 0.9419394343749999 0.40952513125 0.8642071703124999 0.391710175 0.8121099359375
7 0.7962500734375 0.635971790625 0.78687376875 0.5904901140625001 0.76617123125 0.588736596875 0.764370625 0.6616069125 0.7924995375 0.6698763109375 0.7962500734375 0.635971790625