14 0.7618499484375 0.659474084375 0.7152313421875001 0.63647750625 0.6698584140625 0.6608690234375 0.6678226015625001 0.8086034296875001 0.6958727984374999 0.8504153999999999 0.7618499484375 0.842053028125 0.7618499484375 0.659474084375
14 0.5935489281249999 0.6218433 0.5840671734375 0.5695783359375 0.5749804859375 0.547975496875 0.53007819375 0.5641182171875 0.5449549578124999 0.7863037328125 0.635031575 0.782819403125 0.6287103859375 0.7082547703125 0.5935489281249999 0.6218433
7 0.66484375 0.94921875 0.10234375 0.1015625
7 0.3796875 0.58046875 0.03359375 0.0453125
7 0.646875 0.659375 0.046875 0.0578125
9 0.3984375 0.94609375 0.03515625 0.1078125
9 0.325 0.8453125 0.0328125 0.12265625
9 0.50859375 0.9578125 0.0265625 0.084375
9 0.5078125 0.8578125 0.0234375 0.115625
9 0.56171875 0.96328125 0.04921875 0.0734375
11 0.79296875 0.57265625 0.02421875 0.0515625
11 0.8453125 0.56015625 0.028125 0.05
7 0.7765625 0.64375 0.03046875 0.06796875
11 0.346875 0.6140625 0.02890625 0.06484375