7 0.13203125 0.91484375 0.10234375 0.134375
7 0.33671875 0.6484375 0.0546875 0.06484375
7 0.7953125 0.921875 0.1015625 0.1421875
7 0.7078125 0.78515625 0.065625 0.08515625
7 0.6625 0.8921875 0.078125 0.115625
7 0.64375 0.68203125 0.053125 0.06328125
7 0.60390625 0.62265625 0.04140625 0.0453125
7 0.59609375 0.73671875 0.05390625 0.06484375
7 0.96953125 0.68046875 0.06015625 0.07265625
11 0.50390625 0.92265625 0.05 0.14921875
11 0.56171875 0.8734375 0.04921875 0.1421875
9 0.59921875 0.91875 0.025 0.1421875
9 0.475 0.6265625 0.021875 0.05546875
9 0.4984375 0.62109375 0.01875 0.053125
9 0.4625 0.75078125 0.02109375 0.08203125
9 0.48984375 0.709375 0.02265625 0.06875
9 0.42421875 0.84296875 0.0234375 0.09609375
9 0.44921875 0.884375 0.0296875 0.1078125
11 0.8109375 0.61015625 0.03125 0.05546875
11 0.52265625 0.65546875 0.0265625 0.06875