9 0.34375 0.9203125 0.04609375 0.14453125
11 0.5578125 0.94765625 0.06171875 0.1046875
7 0.5421875 0.8234375 0.0671875 0.12265625
7 0.590625 0.73515625 0.06328125 0.0953125
7 0.534375 0.65 0.04140625 0.07265625
7 0.63515625 0.62265625 0.03984375 0.065625
7 0.80390625 0.6515625 0.07109375 0.09921875
14 0.7013182296875 0.678990925 0.697033228125 0.874560690625 0.8304033875 0.9161311046874999 0.8223690421875001 0.70449996875 0.7013182296875 0.678990925
7 0.25625 0.77734375 0.06875 0.1125
9 0.31796875 0.66953125 0.02109375 0.0953125
9 0.5046875 0.7203125 0.02734375 0.078125
11 0.4921875 0.625 0.0328125 0.08203125
9 0.03828125 0.8421875 0.02265625 0.13359375