9 0.35546875 0.884375 0.0609375 0.0953125
9 0.41015625 0.896875 0.03515625 0.1203125
9 0.46796875 0.9390625 0.0328125 0.1140625
9 0.5671875 0.840625 0.02578125 0.1015625
9 0.51875 0.75390625 0.0296875 0.1015625
7 0.7390625 0.8359375 0.0921875 0.1265625
7 0.646875 0.6609375 0.0515625 0.0828125
7 0.5921875 0.68125 0.04921875 0.071875
7 0.62890625 0.9359375 0.090625 0.128125
7 0.08671875 0.71171875 0.08984375 0.07734375
7 0.3765625 0.60390625 0.0390625 0.059375
11 0.31953125 0.6203125 0.0296875 0.05078125