14 0.5546875 0.70078125 0.06640625 0.1171875
7 0.77109375 0.878125 0.11171875 0.17265625
9 0.6375 0.775 0.0375 0.1
14 0.9016074906249999 0.5849518265625 0.8954954359375 0.52430830625 0.8569129015625 0.48185784062500003 0.8172457 0.4704506171875 0.817566253125 0.599102 0.8538567875 0.6139259546875 0.8580588734375001 0.5795612953125 0.9016074906249999 0.5849518265625
11 0.346875 0.6234375 0.03046875 0.06953125
14 0.98125 0.615625 0.0375 0.103125
9 0.30234375 0.6640625 0.02109375 0.0671875
7 0.23515625 0.646875 0.078125 0.0671875
14 0.49765625 0.5734375 0.05078125 0.128125
11 0.4875 0.890625 0.05 0.1578125
10 0.04140625 0.778125 0.0171875 0.090625
10 0.06015625 0.78359375 0.01640625 0.08515625
9 0.275 0.80703125 0.021875 0.10390625