14 0.3515625 0.57578125 0.06484375 0.06171875
9 0.23125 0.6765625 0.03671875 0.06484375
9 0.18203125 0.68671875 0.03359375 0.06640625
7 0.378125 0.68046875 0.0859375 0.0984375
9 0.46796875 0.68203125 0.0453125 0.08671875
9 0.53125 0.69765625 0.04765625 0.0765625
9 0.64609375 0.71953125 0.02890625 0.1140625
7 0.6740876046875 0.6065901234375 0.614610978125 0.5624649765624999 0.6134041765625 0.6361832828125 0.664449659375 0.6588504187499999 0.6740876046875 0.6065901234375
14 0.6962794437500001 0.6459447953125 0.6965761796875001 0.799260440625 0.7465507687499999 0.798001178125 0.74226724375 0.6538132421875 0.6962794437500001 0.6459447953125
11 0.8671875 0.9140625 0.06328125 0.171875
7 0.84533555 0.704223159375 0.8924859078124999 0.8328900734375001 0.9620933703125001 0.842334696875 0.9146175 0.6773685453125 0.84533555 0.704223159375
6 0.65390625 0.91640625 0.14453125 0.16640625