11 0.4078125 0.8734375 0.10078125 0.11953125
9 0.52890625 0.83671875 0.03046875 0.10625
9 0.3390625 0.94921875 0.0359375 0.1
9 0.2640625 0.76484375 0.021875 0.096875
9 0.35390625 0.65625 0.01796875 0.07109375
7 0.3171875 0.5984375 0.05078125 0.04765625
7 0.22421875 0.909375 0.0859375 0.1578125
7 0.61875 0.8640625 0.08515625 0.13515625
7 0.69296875 0.74296875 0.06796875 0.1171875
7 0.6453125 0.634375 0.05625 0.08203125
7 0.5296875 0.7453125 0.05234375 0.07265625
11 0.4953125 0.6828125 0.0328125 0.08125
7 0.78828125 0.6296875 0.046875 0.0703125
7 0.71796875 0.56953125 0.03671875 0.06640625
11 0.8359375 0.58515625 0.03203125 0.0625
7 0.94921875 0.69765625 0.0390625 0.09375
10 0.0328125 0.80625 0.015625 0.11171875
10 0.05234375 0.81875 0.02578125 0.1015625