9 0.08125 0.77421875 0.06171875 0.08515625
9 0.1859375 0.671875 0.03359375 0.0671875
7 0.409375 0.709375 0.11796875 0.1109375
9 0.525 0.7046875 0.04921875 0.0796875
6 0.73046875 0.821875 0.084375 0.1734375
11 0.86328125 0.80234375 0.0484375 0.1484375
7 0.888660909375 0.723691128125 0.8905266546874999 0.7500189296875 0.9043331890624999 0.7335640531250001 0.8946313171875 0.6809084515625 0.8711229140625001 0.637467590625 0.8155236953125 0.6275946640625001 0.80544868125 0.69275596875 0.8080607140625 0.6999961171875 0.8377249984375 0.7143051484375 0.888660909375 0.723691128125
14 0.71171875 0.6828125 0.053125 0.0890625
9 0.65546875 0.68046875 0.02734375 0.0890625
7 0.6181417578125 0.5458740296875 0.6475575265625 0.600730321875 0.6696721796875 0.5914742078125 0.6391239703125 0.5267861375 0.6181417578125 0.5458740296875
7 0.6518680031249999 0.6269504687499999 0.6462456328124999 0.6044713453125 0.6275139328125 0.5698392296875 0.615697425 0.5624882734375001 0.6085757484375 0.5727361171875 0.6108246984375 0.6325702515625 0.6518680031249999 0.6269504687499999
7 0.3578125 0.52578125 0.03671875 0.053125