11 0.50859375 0.90703125 0.06328125 0.171875
11 0.36171875 0.87109375 0.10625 0.1375
7 0.5 0.653125 0.046875 0.0875
14 0.78046875 0.8609375 0.1125 0.2453125
7 0.6890625 0.72734375 0.07265625 0.13046875
9 0.54453125 0.71015625 0.0265625 0.109375
9 0.59765625 0.65703125 0.02578125 0.0953125
9 0.29921875 0.67421875 0.02421875 0.1015625
10 0.03359375 0.72734375 0.0171875 0.09453125
7 0.78125 0.609375 0.03046875 0.07109375
7 0.803125 0.5546875 0.04140625 0.06484375
7 0.55 0.5828125 0.03359375 0.06484375
7 0.60859375 0.5671875 0.034375 0.05703125