7 0.21640625 0.8890625 0.096875 0.153125
9 0.10859375 0.8359375 0.03046875 0.1078125
11 0.2125 0.65859375 0.0515625 0.0671875
9 0.48515625 0.73828125 0.02265625 0.0921875
9 0.53125 0.75625 0.021875 0.07890625
9 0.334375 0.8484375 0.03046875 0.12421875
9 0.40390625 0.93671875 0.03359375 0.1265625
9 0.50625 0.90390625 0.03125 0.1296875
9 0.54453125 0.9328125 0.03125 0.13203125
7 0.6984375 0.77734375 0.07734375 0.10234375
11 0.62109375 0.6640625 0.034375 0.078125
7 0.5546875 0.62265625 0.03828125 0.0578125
11 0.4984375 0.63046875 0.02890625 0.06328125
7 0.80390625 0.92890625 0.10234375 0.14140625
7 0.7015625 0.95625 0.09921875 0.08671875
7 0.809375 0.68125 0.06484375 0.096875
3 0.9729361359375 0.54762106875 0.858589053125 0.5146927203125 0.8555677828125001 0.593327928125 0.933686321875 0.651133665625 0.9733171671875 0.64373990625 0.9729361359375 0.54762106875
9 0.8375 0.590625 0.0203125 0.05703125
11 0.79921875 0.60078125 0.0296875 0.05703125
11 0.2953125 0.6015625 0.02109375 0.05859375
14 0.31640625 0.54921875 0.03203125 0.0671875