7 0.07734375 0.92265625 0.11328125 0.15390625
7 0.67109375 0.82421875 0.0625 0.096875
9 0.51875 0.9140625 0.03515625 0.11640625
9 0.51875 0.91875 0.0359375 0.12109375
9 0.44140625 0.9078125 0.03515625 0.11171875
9 0.4859375 0.953125 0.0390625 0.09296875
9 0.4234375 0.78984375 0.02265625 0.08984375
9 0.471875 0.790625 0.021875 0.08359375
9 0.453125 0.7671875 0.01640625 0.07265625
9 0.475 0.68515625 0.01484375 0.06015625
9 0.56015625 0.72421875 0.01796875 0.04140625
9 0.45546875 0.659375 0.0171875 0.059375
14 0.5921875 0.859375 0.08984375 0.22578125
7 0.6 0.62421875 0.0390625 0.0609375
7 0.51953125 0.640625 0.040625 0.06328125
7 0.534375 0.5734375 0.03203125 0.0375
11 0.4953125 0.571875 0.02109375 0.0453125
11 0.7953125 0.61328125 0.0328125 0.06015625
11 0.97265625 0.69453125 0.04921875 0.08359375
7 0.7546875 0.8625 0.059375 0.1234375
14 0.9359061765625001 1 0.9288384921875 0.859586725 0.8527767140625 0.8215931421875 0.7902818671875 0.8406895875 0.7898406203125 0.940323103125 0.772676240625 0.9349802468749999 0.7720031374999999 1 0.9359061765625001 1
7 0.23125 0.66640625 0.0734375 0.05859375
7 0.03515625 0.77109375 0.0703125 0.0890625
11 0.52890625 0.7203125 0.03046875 0.0828125