7 0.3546875 0.6328125 0.05390625 0.0796875
9 0.25 0.6046875 0.0203125 0.05234375
9 0.43203125 0.62578125 0.0234375 0.075
9 0.4609375 0.66484375 0.0265625 0.08828125
9 0.5828125 0.8390625 0.0421875 0.146875
9 0.63203125 0.6328125 0.02734375 0.075
7 0.75546875 0.7203125 0.04609375 0.10078125
7 0.678125 0.63984375 0.0625 0.0875
7 0.7453125 0.62578125 0.06875 0.078125
14 0.70234375 0.83359375 0.0734375 0.203125
11 0.153125 0.6640625 0.06640625 0.0875
11 0.1578125 0.66953125 0.00078125 0.00546875
9 0.05859375 0.76171875 0.06328125 0.1
7 0.91796875 0.9140625 0.109375 0.17109375