11 0.50625 0.7578125 0.0546875 0.11015625
11 0.36171875 0.8828125 0.10234375 0.128125
14 0.68671875 0.7078125 0.06640625 0.15546875
14 0.6234375 0.8359375 0.10390625 0.1953125
7 0.778125 0.8640625 0.09140625 0.153125
7 0.49765625 0.60546875 0.03828125 0.06171875
9 0.534375 0.63359375 0.015625 0.07109375
9 0.57109375 0.60703125 0.01796875 0.0671875
7 0.63515625 0.6421875 0.03359375 0.08203125
7 0.8328125 0.675 0.05390625 0.09296875
9 0.33203125 0.640625 0.01875 0.06328125
10 0.040625 0.74375 0.02578125 0.10546875