9 0.1828125 0.92734375 0.03671875 0.13515625
9 0.334375 0.61875 0.0234375 0.0640625
9 0.31171875 0.728125 0.02109375 0.06796875
7 0.271875 0.63046875 0.0671875 0.07109375
11 0.3890625 0.87421875 0.1 0.125
11 0.5 0.7796875 0.03828125 0.12734375
14 0.5515625 0.65 0.05546875 0.109375
7 0.62578125 0.59375 0.03984375 0.0671875
7 0.7 0.74453125 0.07578125 0.1234375
7 0.81796875 0.93671875 0.11953125 0.1265625
7 0.53671875 0.8890625 0.0703125 0.1296875
9 0.61328125 0.68828125 0.02578125 0.09296875
11 0.965625 0.67890625 0.04921875 0.090625
7 0.81484375 0.5953125 0.04765625 0.0671875