9 0.6 0.81640625 0.0359375 0.11484375
7 0.35703125 0.64140625 0.06015625 0.078125
11 0.15625 0.659375 0.06171875 0.071875
9 0.24375 0.61640625 0.03125 0.06953125
9 0.47109375 0.6734375 0.0234375 0.07265625
7 0.75390625 0.70703125 0.046875 0.10234375
7 0.6703125 0.63359375 0.05546875 0.07890625
7 0.73125 0.61953125 0.059375 0.0625
9 0.62578125 0.62890625 0.02734375 0.0703125
14 0.6763212375000001 0.7107598609375 0.6834575703125 0.916779753125 0.725118909375 0.9087519078125 0.741923465625 0.7259628453125 0.6763212375000001 0.7107598609375
7 0.9234375 0.90234375 0.10625 0.1953125
9 0.4375 0.6359375 0.021875 0.0796875
9 0.3140625 0.59609375 0.01796875 0.06171875