7 0.796875 0.6359375 0.05859375 0.08125
7 0.975 0.728125 0.05 0.09375
7 0.57578125 0.675 0.053125 0.0796875
7 0.52890625 0.74296875 0.05546875 0.084375
7 0.5359375 0.60390625 0.034375 0.05
7 0.61171875 0.58203125 0.03515625 0.06015625
14 0.690625 0.68828125 0.08046875 0.15703125
11 0.55234375 0.8640625 0.05625 0.14453125
7 0.27734375 0.725 0.0625 0.09765625
9 0.3390625 0.89765625 0.028125 0.13203125
9 0.49453125 0.66328125 0.01953125 0.0703125
11 0.4890625 0.59140625 0.02890625 0.05859375
11 0.42265625 0.8640625 0.096875 0.11953125
7 0.93125 0.78203125 0.06171875 0.1015625
7 0.815625 0.9453125 0.134375 0.10859375