7 0.2078125 0.684375 0.0859375 0.078125
7 0.04140625 0.76953125 0.0828125 0.0953125
7 0.05859375 0.94609375 0.109375 0.10703125
7 0.7703125 0.88515625 0.07265625 0.13515625
7 0.68125 0.84296875 0.05625 0.1390625
7 0.61171875 0.6359375 0.04140625 0.06328125
14 0.6015625 0.88359375 0.09453125 0.2265625
14 0.8875 0.925 0.1515625 0.15
11 0.4984375 0.76015625 0.03828125 0.10390625
11 0.5328125 0.734375 0.03203125 0.090625
9 0.5171875 0.95234375 0.0359375 0.0953125
9 0.43984375 0.9390625 0.03984375 0.12109375
9 0.4203125 0.80625 0.0296875 0.1
9 0.4703125 0.81796875 0.02421875 0.1015625
9 0.44921875 0.78203125 0.021875 0.0953125
9 0.471875 0.70078125 0.01640625 0.06796875
9 0.453125 0.67421875 0.01484375 0.0640625
9 0.484375 0.628125 0.01328125 0.0546875
11 0.7765625 0.60625 0.03125 0.05859375
11 0.94765625 0.6796875 0.04375 0.08671875
7 0.5390625 0.5890625 0.03359375 0.05
7 0.51796875 0.653125 0.0421875 0.0703125