7 0.7859258421875001 0.553818025 0.7828430234375 0.5592557874999999 0.7810099953125 0.5648405249999999 0.7784724578125 0.5751940640625001 0.8668140890625 0.64588726875 0.8835845953125 0.5756315484375001 0.796424096875 0.5482332921874999 0.7859258421875001 0.553818025
7 0.69609375 0.66328125 0.06015625 0.09609375
7 0.845771515625 0.70384369375 0.7723047234375 0.618901509375 0.7320259515624999 0.6648682203125 0.7877688078125 0.737061384375 0.845771515625 0.70384369375
7 0.74453125 0.78125 0.0625 0.140625
9 0.65078125 0.66171875 0.02109375 0.0921875
7 0.63125 0.5578125 0.03125 0.06484375
9 0.43828125 0.6265625 0.01796875 0.07109375
9 0.4171875 0.5953125 0.02109375 0.06640625
7 0.3515625 0.5984375 0.05 0.0828125
9 0.18046875 0.68984375 0.03671875 0.07734375
9 0.2640625 0.5765625 0.01484375 0.05234375