7 0.76015625 0.89609375 0.1125 0.13984375
11 0.6515625 0.71484375 0.0390625 0.09140625
7 0.62734375 0.628125 0.03515625 0.0703125
7 0.56953125 0.653125 0.0421875 0.06328125
11 0.50234375 0.6578125 0.028125 0.07265625
7 0.96015625 0.7015625 0.06015625 0.1015625
11 0.840625 0.58984375 0.02578125 0.05546875
3 0.8556813765625 0.5616346671875 0.856610290625 0.59385908125 0.9107978250000001 0.6004132078125 0.9015085031250001 0.51848671875 0.8135060765625 0.4998848578125 0.8126409921875 0.5736505453125 0.82533635 0.57638145 0.8268846234374999 0.5627270390625 0.8556813765625 0.5616346671875
9 0.465625 0.634375 0.0140625 0.0703125
9 0.4984375 0.78203125 0.02265625 0.09296875
9 0.53671875 0.8046875 0.021875 0.0890625
9 0.40234375 0.9359375 0.03125 0.128125
9 0.47109375 0.93828125 0.03984375 0.1234375
9 0.52265625 0.95078125 0.03203125 0.0984375
11 0.18359375 0.65546875 0.0625 0.0640625
9 0.0890625 0.81328125 0.04375 0.1140625