7 0.92421875 0.88984375 0.103125 0.2203125
7 0.75390625 0.69765625 0.053125 0.09609375
7 0.72890625 0.6203125 0.05859375 0.07109375
7 0.6671875 0.62734375 0.06640625 0.084375
9 0.6109375 0.796875 0.0390625 0.12109375
9 0.475 0.678125 0.03515625 0.08046875
9 0.4390625 0.64140625 0.02265625 0.07734375
7 0.359375 0.65078125 0.0609375 0.0953125
9 0.23828125 0.621875 0.02734375 0.06015625
9 0.3046875 0.61328125 0.02265625 0.065625
9 0.62109375 0.6203125 0.02265625 0.0796875
14 0.36953125 0.5375 0.03359375 0.0828125
9 0.3234375 0.54375 0.01953125 0.0515625
11 0.1515625 0.665625 0.05546875 0.0796875
14 0.70859375 0.8015625 0.06484375 0.1796875