10 0.23203125 0.8625 0.0765625 0.12734375
11 0.4125 0.87578125 0.09453125 0.11640625
9 0.34140625 0.93828125 0.034375 0.1140625
9 0.2875 0.73125 0.028125 0.096875
9 0.36640625 0.6390625 0.0171875 0.06328125
9 0.52109375 0.78515625 0.03984375 0.10234375
7 0.5484375 0.9296875 0.08203125 0.13984375
7 0.60703125 0.81171875 0.0796875 0.1265625
7 0.66953125 0.69140625 0.053125 0.10078125
7 0.63125 0.6078125 0.040625 0.0671875
7 0.97109375 0.7375 0.0578125 0.103125
7 0.815625 0.65625 0.06796875 0.0796875
14 0.82265625 0.53515625 0.03671875 0.06953125
7 0.80703125 0.58828125 0.053125 0.0609375