7 0.33984375 0.80546875 0.15234375 0.146875
11 0.184375 0.7328125 0.04296875 0.10546875
11 0.228125 0.79765625 0.06015625 0.12421875
7 0.08359375 0.74140625 0.11015625 0.08828125
9 0.303125 0.65078125 0.02890625 0.084375
9 0.48828125 0.70546875 0.0265625 0.10078125
7 0.58671875 0.7296875 0.06015625 0.1140625
14 0.66796875 0.6546875 0.078125 0.13671875
7 0.52421875 0.6234375 0.04453125 0.0703125
7 0.50859375 0.559375 0.034375 0.059375
9 0.97109375 0.6125 0.02421875 0.0734375
11 0.78046875 0.5515625 0.0265625 0.06171875
9 0.8078125 0.55 0.021875 0.0609375
9 0.83515625 0.55 0.01875 0.05859375
14 0.5828125 0.61328125 0.04921875 0.103125
14 0.72109375 0.51796875 0.0265625 0.07421875