7 0.965625 0.81640625 0.06875 0.1515625
11 0.36875 0.884375 0.10703125 0.1359375
9 0.2375 0.92265625 0.0296875 0.1296875
9 0.69765625 0.92890625 0.05078125 0.14140625
9 0.25390625 0.8359375 0.03125 0.11796875
9 0.25 0.73828125 0.03515625 0.1015625
11 0.3234375 0.66953125 0.046875 0.10625
7 0.18203125 0.6609375 0.10859375 0.071875
7 0.684375 0.71875 0.071875 0.09921875
11 0.5875 0.63515625 0.034375 0.0796875
7 0.6296875 0.6140625 0.04296875 0.05546875
14 0.5046875 0.615625 0.06640625 0.18125
14 0.56640625 0.8 0.075 0.16484375