11 0.6359375 0.6890625 0.0375 0.08671875
7 0.56328125 0.640625 0.03984375 0.05546875
11 0.50078125 0.64609375 0.028125 0.0671875
9 0.48984375 0.7625 0.02734375 0.090625
9 0.534375 0.784375 0.01875 0.08515625
9 0.40390625 0.940625 0.03515625 0.11640625
9 0.33359375 0.8453125 0.0234375 0.13203125
9 0.49140625 0.92890625 0.04453125 0.11875
7 0.72890625 0.8375 0.08125 0.11796875
7 0.61640625 0.61484375 0.034375 0.059375
7 0.1796875 0.9390625 0.11875 0.121875
9 0.1 0.8234375 0.034375 0.1046875
9 0.46953125 0.61640625 0.01875 0.06640625
9 0.94921875 0.68515625 0.028125 0.08828125
7 0.7828125 0.6484375 0.04140625 0.078125
7 0.5819115187499999 0.8935309265625 0.5922317734375 0.9099730484374999 0.6078786328125 0.924066346875 0.6048824234375 0.82012833125 0.543235434375 0.827177834375 0.5426279671875001 0.91290915 0.5559444296875 0.94403185 0.566264684375 0.94403185 0.5819115187499999 0.8935309265625