7 0.83828125 0.9546875 0.13984375 0.08984375
7 0.51171875 0.7875 0.07265625 0.11796875
7 0.575 0.6671875 0.06171875 0.09375
7 0.6421875 0.62890625 0.0484375 0.084375
7 0.5078125 0.58203125 0.03359375 0.05703125
7 0.56484375 0.56328125 0.025 0.05
7 0.590625 0.534375 0.03125 0.0484375
7 0.81171875 0.62109375 0.05625 0.08125
7 0.90390625 0.73671875 0.09375 0.07578125
14 0.95390625 0.6171875 0.0453125 0.11953125
9 0.6703125 0.84140625 0.03984375 0.14140625
9 0.55859375 0.93125 0.0359375 0.1375
9 0.23125 0.77734375 0.03828125 0.1125
11 0.371875 0.5796875 0.03359375 0.05234375
11 0.34296875 0.56640625 0.0265625 0.05390625
7 0.393497853125 0.790125228125 0.41199461406250004 0.8574169515625 0.43338153906250004 0.8533386843749999 0.3998561125 0.7422052109374999 0.2696931 0.7335326234374999 0.2703786578125 0.8767889312499999 0.307372221875 0.8778084125 0.308528253125 0.7962425718749999 0.393497853125 0.790125228125
11 0.8484375 0.59765625 0.0234375 0.075
9 0.29375 0.60546875 0.03125 0.0703125