7 0.20390625 0.7109375 0.1015625 0.0984375
7 0.3453125 0.56328125 0.0421875 0.06328125
7 0.7140625 0.90390625 0.08828125 0.19140625
7 0.696875 0.6921875 0.05 0.1015625
7 0.8442071515625 0.684411778125 0.7822331546875 0.6949905328125 0.8285944015625001 0.844252034375 0.9010619890625 0.810112440625 0.8442071515625 0.684411778125
11 0.8515226390624999 0.62681473125 0.8456985609375 0.6695843125 0.8907094656250001 0.7712091640625001 0.9168158046875 0.6489417609375 0.8515226390624999 0.62681473125
7 0.6921875 0.59921875 0.0625 0.07265625
11 0.6390625 0.603125 0.04140625 0.075
9 0.6265625 0.69296875 0.03828125 0.0890625
9 0.259375 0.6171875 0.034375 0.06796875
9 0.40859375 0.590625 0.03125 0.05859375