7 0.325 0.8171875 0.1421875 0.13515625
11 0.15078125 0.69375 0.0515625 0.08671875
7 0.115625 0.85 0.090625 0.15
9 0.228125 0.76015625 0.03125 0.1171875
7 0.52890625 0.86328125 0.08203125 0.1375
7 0.509375 0.690625 0.05234375 0.0859375
7 0.6125 0.7765625 0.0640625 0.10703125
9 0.57265625 0.6765625 0.02578125 0.07421875
9 0.46015625 0.6046875 0.025 0.0671875
9 0.553125 0.60625 0.01875 0.05859375
11 0.5203125 0.5921875 0.03046875 0.0671875
14 0.7109244265625 0.5501018671875 0.6105184328125 0.5548246796875 0.616765921875 0.70595458125 0.65692830625 0.747672728125 0.722526853125 0.7468856046875 0.7109244265625 0.5501018671875
11 0.7796875 0.5546875 0.025 0.06640625
9 0.9609375 0.6390625 0.0296875 0.09765625
11 0.034375 0.7390625 0.06875 0.0875