7 0.5203125 0.72734375 0.13671875 0.16328125
14 0.15703125 0.753125 0.1578125 0.159375
7 0.3609375 0.58984375 0.05 0.09375
7 0.63984375 0.92109375 0.15546875 0.15078125
14 0.8703125 0.79375 0.05546875 0.1890625
9 0.9765625 0.859375 0.046875 0.1640625
9 0.93125 0.71484375 0.04375 0.11484375
9 0.76796875 0.8015625 0.03359375 0.1546875
9 0.62890625 0.6859375 0.034375 0.0859375
9 0.6625 0.65859375 0.025 0.09375
11 0.8140625 0.67578125 0.0453125 0.1046875
6 0.74609375 0.68828125 0.05546875 0.10703125