7 0.31796875 0.6609375 0.06171875 0.06015625
7 0.73671875 0.834375 0.078125 0.1015625
7 0.665625 0.91484375 0.07890625 0.125
7 0.61328125 0.7765625 0.0609375 0.09140625
7 0.6578125 0.7125 0.05859375 0.07578125
7 0.61328125 0.64140625 0.04375 0.05390625
11 0.525 0.66953125 0.02890625 0.071875
11 0.50546875 0.93828125 0.05234375 0.1234375
11 0.56328125 0.8859375 0.0421875 0.128125
9 0.60078125 0.9375 0.0265625 0.125
9 0.421875 0.86015625 0.01953125 0.103125
9 0.46015625 0.784375 0.01953125 0.09453125
9 0.48125 0.64765625 0.015625 0.05546875
9 0.50078125 0.63515625 0.0140625 0.05859375
9 0.4984375 0.71953125 0.02109375 0.06171875
9 0.84609375 0.709375 0.02734375 0.084375
11 0.78359375 0.596875 0.02421875 0.05390625
7 0.11875 0.953125 0.109375 0.09296875