9 0.140625 0.721875 0.04140625 0.07890625
9 0.259375 0.5875 0.01875 0.0609375
9 0.42265625 0.6078125 0.01796875 0.06640625
9 0.446875 0.640625 0.02265625 0.07421875
7 0.35234375 0.61640625 0.05078125 0.07734375
9 0.3375 0.54921875 0.02109375 0.04296875
9 0.52734375 0.92890625 0.059375 0.14140625
14 0.68515625 0.8921875 0.08203125 0.20859375
7 0.7515625 0.7546875 0.05234375 0.11796875
7 0.6921875 0.6578125 0.0625 0.08984375
7 0.765625 0.6578125 0.0828125 0.08046875
9 0.6484375 0.64921875 0.0234375 0.0859375
7 0.78828125 0.5734375 0.08046875 0.07109375
11 0.15703125 0.6578125 0.0578125 0.0625