14 0.51484375 0.8140625 0.11953125 0.35390625
14 0.64375 0.84140625 0.090625 0.2546875
14 0.7109375 0.7109375 0.08671875 0.21875
7 0.3421875 0.8109375 0.14921875 0.1546875
11 0.228125 0.8265625 0.06484375 0.14140625
7 0.109375 0.7828125 0.07890625 0.11875
11 0.3515625 0.60625 0.03046875 0.06640625
11 0.56953125 0.5859375 0.03046875 0.07734375
14 0.98125 0.7140625 0.0375 0.146875
11 0.94765625 0.75078125 0.03515625 0.11171875
7 0.79375 0.63125 0.06015625 0.06875
9 0.8484375 0.6359375 0.02734375 0.0828125
7 0.5328125 0.565625 0.0359375 0.05625