14 0.6328125 0.84140625 0.1140625 0.3171875
14 0.64921875 0.61796875 0.06328125 0.128125
11 0.51875 0.9328125 0.065625 0.134375
11 0.425 0.87734375 0.09921875 0.14609375
9 0.34375 0.884375 0.03515625 0.13203125
7 0.2984375 0.684375 0.059375 0.0953125
11 0.54140625 0.7703125 0.04453125 0.11171875
7 0.728125 0.8 0.08046875 0.11015625
7 0.5203125 0.68671875 0.0421875 0.07265625
7 0.5625 0.62890625 0.0484375 0.06171875
14 0.953125 0.6125 0.05078125 0.11640625
9 0.490625 0.628125 0.021875 0.06484375
9 0.3671875 0.60546875 0.02265625 0.059375