14 0.14669888125 0.6635068359375 0.14998107031250002 0.7944557078125001 0.2936901828125 0.7107645875 0.2311881390625 0.6150026359375 0.14669888125 0.6635068359375
7 0.338913215625 0.5386966906249999 0.3406807953125 0.6158073765625 0.38493406406249997 0.6117837640625 0.37444103906250004 0.5321162578124999 0.338913215625 0.5386966906249999
9 0.0292885171875 0.7192230546875 0.0023955390625 0.7259119093749999 0.0000904671875 0.814984915625 0.0489059640625 0.8029140828125 0.0292885171875 0.7192230546875
7 0.41876486718750006 0.6625003031250001 0.421680003125 0.780684603125 0.5626518078125 0.7734420921875 0.5421219328125 0.663195190625 0.41876486718750006 0.6625003031250001
9 0.653131471875 0.7187209890624999 0.6768549015625 0.7179162796874999 0.6677305140625001 0.62698269375 0.6462881796875 0.63342045 0.653131471875 0.7187209890624999
9 0.7376011078125 0.7873104484375 0.7398131578125 0.9319723671875 0.7822415765625 0.9327771078125 0.7749420390624999 0.784708215625 0.7376011078125 0.7873104484375
14 0.8436897296874999 0.7319511109375 0.83790033125 0.9142684750000001 0.9099830109375 0.9279487578125 0.9095267640625 0.7227446 0.8436897296874999 0.7319511109375
9 0.930956178125 0.6947093734374999 0.9378124234375 0.80804516875 0.9779596749999999 0.8160923921875 0.9610795703124999 0.699407675 0.930956178125 0.6947093734374999
11 0.8054750109375 0.6413631015625 0.8009466015625 0.7460815546874999 0.84337495 0.7420579453125 0.8520431609375001 0.649514878125 0.8054750109375 0.6413631015625
6 0.717067825 0.6463957687499999 0.7229330546875 0.7742468328125 0.7817853296874999 0.7718326703125 0.7685549953125 0.6471007484375 0.717067825 0.6463957687499999
9 0.58789476875 0.6572644249999999 0.5875940749999999 0.6614937703125 0.591088290625 0.74095554375 0.63716644375 0.72003275 0.6202863390625 0.6443888828125 0.58789476875 0.6572644249999999