7 0.74140625 0.8296875 0.084375 0.13984375
7 0.83203125 0.959375 0.1265625 0.08125
7 0.83046875 0.6796875 0.06875 0.10078125
14 0.7530810046874999 1 0.6509461203125 0.750571325 0.6492532609375 0.694832715625 0.6371792015625 0.642640371875 0.5550183234375 0.6689541109375 0.5905680109375 1 0.7530810046874999 1
7 0.67421875 0.69609375 0.05 0.08671875
7 0.553125 0.60234375 0.03984375 0.0609375
11 0.5234375 0.89609375 0.05625 0.140625
11 0.42890625 0.87734375 0.09453125 0.11796875
9 0.33671875 0.87421875 0.0328125 0.125
7 0.71796875 0.56953125 0.03828125 0.0578125
11 0.5296875 0.715625 0.03515625 0.09765625
7 0.32265625 0.65078125 0.05390625 0.07578125
11 0.134375 0.66953125 0.05546875 0.078125