7 0.5171875 0.85703125 0.078125 0.14296875
7 0.59140625 0.71171875 0.065625 0.1046875
7 0.659375 0.6625 0.05390625 0.07734375
7 0.50546875 0.6046875 0.03828125 0.0609375
7 0.6 0.5453125 0.028125 0.046875
7 0.57578125 0.5796875 0.02265625 0.06484375
7 0.83671875 0.6609375 0.053125 0.09140625
7 0.7828125 0.58515625 0.03515625 0.07890625
11 0.81875 0.57421875 0.03125 0.07421875
11 0.3609375 0.85703125 0.09921875 0.1203125
11 0.35703125 0.58671875 0.03203125 0.05546875
11 0.04921875 0.7421875 0.06640625 0.1015625
9 0.20703125 0.8296875 0.03203125 0.11953125
9 0.70859375 0.93203125 0.0515625 0.1359375