7 0.5140625 0.78671875 0.06171875 0.11171875
7 0.08203125 0.9296875 0.128125 0.13984375
7 0.30859375 0.81015625 0.1421875 0.1359375
9 0.2 0.80625 0.02421875 0.103125
9 0.459375 0.6421875 0.0171875 0.07109375
9 0.60234375 0.80390625 0.0265625 0.1078125
14 0.8031205296874999 0.9147890140625 0.7967095468750001 0.6609835125 0.7161826015625 0.6540848921875 0.6606557234375 0.6609835125 0.6613679828125 0.8331189 0.7041074234375 0.9009679374999999 0.8031205296874999 0.9147890140625
11 0.5146292984375 0.6760609859375 0.5374236453125001 0.6647527984375 0.5367112781250001 0.6006731875 0.5082183171875 0.6031861234375 0.5146292984375 0.6760609859375
11 0.08515625 0.75078125 0.05625 0.09609375
9 0.5609375 0.67265625 0.01953125 0.084375
7 0.97890625 0.65 0.0421875 0.0953125