11 0.3515625 0.87265625 0.10078125 0.12578125
7 0.50234375 0.6875 0.05234375 0.08671875
7 0.65 0.8984375 0.1 0.16484375
7 0.7109375 0.78203125 0.08515625 0.11171875
7 0.6171875 0.59140625 0.0421875 0.06015625
7 0.5859375 0.6484375 0.04921875 0.08203125
7 0.53203125 0.590625 0.03671875 0.0578125
11 0.475 0.5921875 0.02578125 0.0703125
14 0.83828125 0.55703125 0.03984375 0.0921875
7 0.775 0.60234375 0.03125 0.06875
11 0.303125 0.609375 0.04765625 0.06953125
9 0.19765625 0.63125 0.034375 0.06875
10 0.11015625 0.6140625 0.01015625 0.06328125
10 0.0125 0.7015625 0.01640625 0.08984375
10 0.03046875 0.7046875 0.01484375 0.0859375
11 0.08125 0.75859375 0.0625 0.13125
9 0.571875 0.71171875 0.02734375 0.08671875
7 0.7171875 0.553125 0.0296875 0.0546875