9 0.5625 0.8671875 0.05234375 0.14453125
9 0.45625 0.653125 0.02578125 0.084375
9 0.428125 0.61796875 0.025 0.07421875
7 0.353125 0.63203125 0.05234375 0.07890625
9 0.2515625 0.596875 0.0234375 0.06640625
9 0.3296875 0.56875 0.01640625 0.0515625
11 0.1546875 0.6640625 0.06015625 0.07734375
9 0.0875 0.74609375 0.0515625 0.103125
14 0.69296875 0.859375 0.0796875 0.178125
7 0.7546875 0.728125 0.04609375 0.109375
7 0.7256328265625 0.6631720484375 0.675928553125 0.5892884890625 0.645685915625 0.6172987953125 0.6786760515625 0.7022492734375 0.7256328265625 0.6631720484375
7 0.7718672015625 0.6092284859375 0.7063351015625 0.594601221875 0.7058869078125001 0.6300413687499999 0.7285224671874999 0.6657205546875 0.7867970390625 0.6699680796874999 0.7718672015625 0.6092284859375