7 0.959375 0.6625 0.059375 0.10078125
7 0.9625 0.80078125 0.075 0.1421875
7 0.8046875 0.63046875 0.05546875 0.075
14 0.81796875 0.53359375 0.034375 0.07109375
14 0.6328125 0.6234375 0.04609375 0.11328125
14 0.5584718015625 0.66628640625 0.5945283609375001 0.814908003125 0.6376080421875 0.814908003125 0.6258255734375 0.6557878921875 0.5584718015625 0.66628640625
14 0.5952647546875001 0.819488909375 0.5647039640625 0.6895949625 0.4864758203125 0.6987802578125 0.4646214609375 0.8064995140625 0.46344826093749997 1 0.6022606078125 0.9980930796875 0.5952647546875001 0.819488909375
11 0.66875 0.85234375 0.059375 0.15546875
7 0.79609375 0.93515625 0.1203125 0.12890625
7 0.6890625 0.7078125 0.0625 0.10546875
11 0.5 0.66015625 0.03828125 0.0671875
11 0.36015625 0.8875 0.10078125 0.12578125
11 0.18671875 0.91015625 0.0734375 0.1734375
10 0.0421875 0.75703125 0.021875 0.084375
10 0.00859375 0.74921875 0.0171875 0.0796875
9 0.35625 0.60546875 0.01953125 0.06171875
11 0.29453125 0.5796875 0.0203125 0.05546875
9 0.5328125 0.5875 0.0125 0.05078125
7 0.49453125 0.575 0.03359375 0.0515625