7 0.857744884375 0.5644981890625 0.86561088125 0.651458725 0.9676627640625 0.6826366734375 0.9699972734375001 0.6061624484375 0.857744884375 0.5644981890625
11 0.8089619984375 0.6012876953124999 0.812583928125 0.6496939171875 0.8666114 0.72205029375 0.8599413437500001 0.62086903125 0.8089619984375 0.6012876953124999
7 0.69921875 0.67734375 0.0578125 0.10234375
7 0.734375 0.834375 0.07265625 0.1546875
7 0.8096481765625001 0.6514715843750001 0.775772771875 0.6503270437500001 0.7709534546875 0.7185784609375 0.8418937796874999 0.7919145078125001 0.8676902671875 0.7306164390625 0.8096481765625001 0.6514715843750001
7 0.6632083343749999 0.5375330296875 0.62576050625 0.5399987984375 0.637688815625 0.59027295625 0.6643510109374999 0.613787571875 0.6904418531250001 0.59027295625 0.6632083343749999 0.5375330296875
9 0.41015625 0.57109375 0.0171875 0.0453125
9 0.4265625 0.6078125 0.0171875 0.0640625
7 0.346875 0.58046875 0.05078125 0.0703125
9 0.22578125 0.64921875 0.0296875 0.0703125
11 0.15703125 0.6546875 0.06171875 0.06796875
7 0.125 0.76015625 0.125 0.1109375
11 0.62421875 0.59375 0.01796875 0.06328125