7 0.35703125 0.6453125 0.046875 0.0765625
9 0.29453125 0.89140625 0.07421875 0.11640625
9 0.40625 0.91484375 0.0390625 0.121875
9 0.553125 0.90234375 0.0265625 0.11015625
9 0.5484375 0.73828125 0.0265625 0.078125
9 0.5078125 0.71484375 0.0234375 0.0703125
11 0.4921875 0.8828125 0.08828125 0.11171875
7 0.63046875 0.75546875 0.059375 0.08828125
7 0.69921875 0.74375 0.06875 0.10546875
7 0.58984375 0.65546875 0.04140625 0.05703125
7 0.63046875 0.62578125 0.0390625 0.065625
7 0.590625 0.5875 0.0328125 0.04609375
11 0.590625 0.84375 0.04765625 0.12890625
11 0.3015625 0.63515625 0.0328125 0.059375
14 0.82734375 0.6734375 0.06328125 0.15546875
11 0.9625 0.72421875 0.05078125 0.10859375
14 0.78203125 0.571875 0.028125 0.0734375
7 0.690625 0.53125 0.02578125 0.0375