7 0.0640625 0.70625 0.09921875 0.07890625
7 0.1140625 0.8203125 0.0796875 0.09765625
7 0.36796875 0.615625 0.03671875 0.0609375
9 0.4640625 0.9390625 0.0359375 0.1078125
9 0.39765625 0.9078125 0.0359375 0.1125
9 0.43828125 0.88828125 0.0203125 0.10625
9 0.42890625 0.78515625 0.02421875 0.0765625
9 0.5953125 0.85078125 0.0265625 0.0984375
11 0.553125 0.82578125 0.0421875 0.1203125
7 0.5671875 0.66953125 0.05234375 0.06875
7 0.64140625 0.68046875 0.04375 0.0578125
7 0.640625 0.8328125 0.06328125 0.1140625
14 0.8265625 0.64921875 0.0578125 0.13125
11 0.50859375 0.62578125 0.02578125 0.0671875