11 0.34765625 0.871875 0.1109375 0.14296875
11 0.0890625 0.7703125 0.04765625 0.11484375
7 0.75703125 0.8703125 0.103125 0.1390625
7 0.50234375 0.73515625 0.06171875 0.09921875
11 0.4765625 0.61328125 0.02890625 0.06796875
7 0.5390625 0.61875 0.03671875 0.06953125
7 0.60390625 0.6984375 0.0546875 0.09375
7 0.6359375 0.6203125 0.04921875 0.06171875
7 0.55859375 0.56953125 0.03671875 0.04921875
7 0.60703125 0.5640625 0.03359375 0.04609375
9 0.5828125 0.76328125 0.0296875 0.09609375
11 0.2765625 0.625 0.04609375 0.06953125
14 0.96328125 0.765625 0.07265625 0.321875
14 0.81953125 0.54609375 0.0546875 0.12578125