9 0.03984375 0.79453125 0.0453125 0.09453125
9 0.4765625 0.9484375 0.03828125 0.10234375
9 0.57109375 0.8484375 0.02578125 0.10546875
9 0.5375 0.8640625 0.02578125 0.0875
11 0.70859375 0.8515625 0.059375 0.1453125
7 0.6671875 0.69921875 0.05234375 0.0890625
7 0.59921875 0.725 0.0515625 0.08671875
11 0.509375 0.7015625 0.0390625 0.09375
9 0.45859375 0.7109375 0.021875 0.08046875
14 0.61484375 0.5953125 0.04921875 0.10625
9 0.96171875 0.75390625 0.03203125 0.09140625
7 0.81171875 0.6125 0.040625 0.0703125
7 0.5546875 0.9546875 0.0875 0.0890625
11 0.146875 0.6609375 0.05625 0.07109375
9 0.33125 0.84140625 0.0265625 0.121875