7 0.13828125 0.8796875 0.0796875 0.11640625
7 0.34921875 0.64453125 0.04609375 0.0546875
7 0.58828125 0.603125 0.034375 0.05
7 0.625 0.65625 0.05 0.06640625
7 0.68203125 0.740625 0.06640625 0.078125
7 0.74921875 0.82734375 0.08125 0.1484375
7 0.6484375 0.86328125 0.0609375 0.11796875
7 0.5828125 0.71484375 0.0578125 0.0671875
11 0.515625 0.64375 0.028125 0.06171875
11 0.55625 0.8625 0.04375 0.12890625
11 0.5015625 0.90390625 0.04921875 0.1390625
9 0.59765625 0.90078125 0.03046875 0.13359375
9 0.4328125 0.940625 0.025 0.11875
9 0.421875 0.82421875 0.01875 0.09609375
9 0.46015625 0.72890625 0.01640625 0.07578125
9 0.478125 0.7 0.015625 0.06484375
14 0.7796875 0.6046875 0.03359375 0.10859375
11 0.8359375 0.63046875 0.0296875 0.0703125