14 0.55390625 0.6703125 0.05703125 0.12890625
9 0.625 0.721875 0.02890625 0.10703125
11 0.38203125 0.8796875 0.096875 0.13046875
7 0.73125 0.80859375 0.0953125 0.1515625
7 0.63515625 0.6125 0.04375 0.0734375
11 0.95859375 0.72578125 0.05234375 0.11484375
7 0.78984375 0.58046875 0.03984375 0.06484375
7 0.2546875 0.63828125 0.0734375 0.059375
9 0.3140625 0.70078125 0.0203125 0.0875
9 0.32109375 0.63671875 0.02265625 0.07421875
11 0.35625 0.60859375 0.03125 0.071875
10 0.04140625 0.7875 0.01484375 0.0921875
10 0.06171875 0.78828125 0.01796875 0.10234375
10 0.11015625 0.625 0.009375 0.0625
11 0.496875 0.83046875 0.046875 0.1265625
7 0.5421875 0.9421875 0.08515625 0.115625
7 0.7125 0.55390625 0.02421875 0.05546875
7 0.5984375 0.5546875 0.02734375 0.0484375