7 0.34453125 0.55390625 0.04296875 0.06171875
7 0.246875 0.6859375 0.09296875 0.09375
9 0.27734375 0.603125 0.02734375 0.053125
9 0.3984375 0.57890625 0.0234375 0.04921875
7 0.7151293828124999 0.6489820875000001 0.6722738640625 0.6423919406249999 0.6577746515625 0.741243903125 0.7181387046875 0.7571630609375 0.7151293828124999 0.6489820875000001
7 0.7215415843749999 0.5739622 0.67702565 0.57064203125 0.6756767328125 0.6329413953125 0.7310104453124999 0.659038384375 0.7576416421875 0.632680428125 0.7215415843749999 0.5739622
7 0.8016951453125 0.7008823765625001 0.81181778125 0.8792020624999999 0.9088737 0.87241683125 0.8559072140625 0.686351875 0.8016951453125 0.7008823765625001
11 0.9365107874999999 0.7466359171875 0.9393218718749999 0.731499665625 0.9286693749999999 0.6753911375 0.8882787328124999 0.635984684375 0.8695789812499999 0.6440858359375 0.8649024546874999 0.7150585640625 0.90410950625 0.789695959375 0.9331079078125001 0.764903809375 0.9365107874999999 0.7466359171875
11 0.65 0.6171875 0.03828125 0.07890625
9 0.6 0.69453125 0.0453125 0.084375
11 0.15546875 0.6625 0.06171875 0.07578125
7 0.69765625 0.93671875 0.103125 0.1265625