14 0.56328125 0.85546875 0.09296875 0.18359375
9 0.21171875 0.79140625 0.04296875 0.10625
9 0.21953125 0.89765625 0.03203125 0.084375
11 0.37265625 0.88125 0.1125 0.13515625
11 0.30625 0.690625 0.0390625 0.09375
7 0.15859375 0.66796875 0.103125 0.07578125
10 0.03515625 0.77578125 0.025 0.11171875
10 0.05703125 0.7796875 0.01796875 0.10234375
7 0.7140625 0.7703125 0.07890625 0.1109375
11 0.59609375 0.646875 0.03203125 0.0890625
7 0.64609375 0.64140625 0.04921875 0.07421875
11 0.7921875 0.6015625 0.0375 0.09140625
14 0.5125 0.6296875 0.06796875 0.196875