14 0.55859375 0.74296875 0.0796875 0.14296875
11 0.478125 0.93046875 0.065625 0.128125
11 0.36953125 0.88359375 0.11171875 0.153125
9 0.2546875 0.8640625 0.03984375 0.13671875
9 0.28203125 0.709375 0.025 0.09375
9 0.66015625 0.84375 0.0328125 0.1375
7 0.82109375 0.93515625 0.1453125 0.1296875
7 0.6609375 0.67734375 0.053125 0.08203125
7 0.61484375 0.59140625 0.03671875 0.0578125
14 0.95859375 0.60546875 0.0484375 0.1171875
14 0.8773600296874999 0.57947558125 0.8753963375 0.4746957125 0.7997929453125 0.4703659671875 0.7982717515625 0.47002996562500005 0.7997929453125 0.5950626640625 0.8591956046875 0.6037221578125 0.8601774515624999 0.57947558125 0.8773600296874999 0.57947558125
7 0.6734375 0.52890625 0.03046875 0.05
11 0.3359375 0.64375 0.0390625 0.08984375
7 0.20859375 0.65390625 0.096875 0.07578125
14 0.49921875 0.58046875 0.05625 0.14375
14 0.55 0.57109375 0.03828125 0.09609375
10 0.040625 0.775 0.0234375 0.13515625
10 0.06484375 0.7796875 0.0203125 0.103125