14 0.7671875 0.84296875 0.12734375 0.25625
14 0.6234375 0.765625 0.07421875 0.21015625
9 0.4796875 0.884375 0.04296875 0.1359375
7 0.5265625 0.7390625 0.0640625 0.109375
7 0.5078125 0.63125 0.04375 0.06640625
9 0.46171875 0.58203125 0.02109375 0.065625
7 0.33203125 0.82421875 0.14921875 0.1546875
9 0.26171875 0.7125 0.02734375 0.07265625
11 0.1765625 0.71328125 0.046875 0.10703125
7 0.115625 0.7890625 0.075 0.12890625
11 0.15703125 0.92421875 0.07421875 0.1515625
9 0.95078125 0.646875 0.03359375 0.0953125
11 0.81875 0.58671875 0.03984375 0.078125
14 0.63203125 0.584375 0.0796875 0.14140625