7 0.58828125 0.9328125 0.1109375 0.134375
7 0.5765625 0.6640625 0.05859375 0.08125
7 0.34140625 0.80703125 0.14609375 0.12890625
7 0.05625 0.73515625 0.10703125 0.10234375
11 0.18046875 0.75234375 0.04765625 0.12890625
11 0.25078125 0.75546875 0.04765625 0.09921875
9 0.48359375 0.6671875 0.02890625 0.09296875
9 0.3125 0.64140625 0.02578125 0.08203125
14 0.646875 0.6140625 0.07109375 0.12890625
7 0.52265625 0.5984375 0.03984375 0.0625
7 0.5078125 0.5421875 0.02890625 0.04140625
11 0.8 0.56484375 0.03359375 0.07109375
11 0.975 0.69375 0.05 0.10546875
9 0.8375 0.5703125 0.02109375 0.0703125