7 0.76484375 0.56015625 0.0796875 0.075
7 0.6890625 0.64765625 0.05625 0.0890625
7 0.759375 0.64765625 0.07734375 0.07421875
7 0.7546875 0.74921875 0.053125 0.11171875
14 0.690625 0.8765625 0.0796875 0.2140625
9 0.54765625 0.896875 0.04921875 0.15703125
9 0.44921875 0.6484375 0.02265625 0.07421875
9 0.42578125 0.61328125 0.0140625 0.06875
7 0.353125 0.61953125 0.05 0.0796875
9 0.11328125 0.72734375 0.05078125 0.08046875
11 0.1546875 0.66328125 0.05859375 0.0703125
9 0.25703125 0.58984375 0.0203125 0.06171875
9 0.64296875 0.64453125 0.02890625 0.0859375