7 0.265625 0.74140625 0.065625 0.11875
7 0.53515625 0.78046875 0.05703125 0.09375
7 0.5359375 0.62109375 0.040625 0.0640625
7 0.58359375 0.6984375 0.06328125 0.0953125
7 0.621875 0.59375 0.04453125 0.0765625
7 0.965625 0.8078125 0.06875 0.140625
7 0.9515625 0.6875 0.04375 0.09140625
7 0.8975460625 0.7515403125 0.8911549328125 0.73181176875 0.853606375 0.7092648546875 0.857165921875 0.6419314765624999 0.806471121875 0.63175995 0.8032755578125 0.7036281671875 0.8727801296875001 0.7797238609375 0.8975460625 0.7515403125
7 0.7796875 0.6015625 0.03359375 0.07109375
11 0.55625 0.9171875 0.053125 0.15625
11 0.42109375 0.8765625 0.1 0.13046875
9 0.34375 0.9109375 0.0359375 0.13984375