9 0.21875 0.8625 0.0390625 0.11015625
9 0.5234375 0.92890625 0.040625 0.1421875
9 0.60625 0.6578125 0.0234375 0.07890625
7 0.67734375 0.70390625 0.06484375 0.1078125
7 0.76171875 0.87421875 0.09609375 0.159375
7 0.63828125 0.94453125 0.10234375 0.1109375
7 0.53359375 0.8296875 0.08515625 0.11640625
11 0.39609375 0.87578125 0.10625 0.1234375
9 0.33046875 0.70390625 0.0234375 0.0828125
14 0.9963804515625 0.6946824921875 0.994369625 0.5232515875 0.8884209671875001 0.49272923906250005 0.8857861281250001 0.58236569375 0.9286833812499999 0.5965530421875 0.9313644156249999 0.684042025 0.9963804515625 0.6946824921875
7 0.8390625 0.61796875 0.03984375 0.08203125
11 0.79296875 0.55859375 0.02734375 0.0609375
11 0.5015625 0.74453125 0.04296875 0.109375
14 0.5515625 0.6203125 0.0515625 0.109375
7 0.28828125 0.62109375 0.0625 0.06953125
10 0.0578125 0.80390625 0.02265625 0.10234375