14 0.84453125 0.9015625 0.17421875 0.196875
7 0.82109375 0.6453125 0.07109375 0.08984375
14 0.5417116765625 0.6053194468750001 0.5715134484375 0.908061903125 0.6820485015625 0.8954151015624999 0.6013877859375001 0.580298178125 0.5417116765625 0.6053194468750001
7 0.709375 0.7671875 0.07265625 0.08984375
7 0.66484375 0.68203125 0.05859375 0.08203125
7 0.35546875 0.609375 0.0453125 0.0640625
11 0.54453125 0.94453125 0.0609375 0.1109375
11 0.440625 0.87421875 0.0890625 0.12421875
9 0.5046875 0.9140625 0.02890625 0.1328125
9 0.32265625 0.84921875 0.0390625 0.12421875
7 0.53828125 0.5671875 0.02578125 0.05078125
11 0.51953125 0.64609375 0.0296875 0.0765625