7 0.20703125 0.6828125 0.08203125 0.06953125
9 0.084375 0.8359375 0.03515625 0.11015625
9 0.60703125 0.95546875 0.034375 0.0890625
9 0.3921875 0.96015625 0.02890625 0.0796875
9 0.47109375 0.90625 0.02890625 0.11875
9 0.415625 0.88046875 0.03359375 0.1109375
9 0.38203125 0.85703125 0.03515625 0.096875
9 0.49453125 0.69765625 0.0234375 0.06796875
7 0.6296875 0.8609375 0.075 0.13203125
7 0.75546875 0.86640625 0.09140625 0.12109375
7 0.66875 0.71796875 0.06171875 0.08671875
7 0.57265625 0.62109375 0.0328125 0.05625
7 0.6109375 0.60234375 0.03984375 0.0609375
7 0.5390625 0.596875 0.02890625 0.04921875
14 0.9578125 0.67734375 0.0578125 0.1234375
7 0.8078125 0.5796875 0.03828125 0.06328125
11 0.5609375 0.92890625 0.053125 0.14140625
11 0.54609375 0.71640625 0.0375 0.08203125