7 0.05078125 0.721875 0.09453125 0.07109375
7 0.37265625 0.61328125 0.046875 0.06875
7 0.7640625 0.88828125 0.096875 0.128125
7 0.65859375 0.6828125 0.05234375 0.08125
7 0.6046875 0.703125 0.046875 0.08203125
7 0.62734375 0.93984375 0.0921875 0.1203125
7 0.60625 0.59453125 0.03359375 0.0484375
7 0.5703125 0.61875 0.03359375 0.04765625
14 0.82265625 0.59375 0.0453125 0.0921875
9 0.34296875 0.88125 0.07890625 0.10703125
9 0.40859375 0.90546875 0.034375 0.1296875
9 0.46875 0.9484375 0.0421875 0.103125
9 0.5625 0.8640625 0.0265625 0.11015625
9 0.50234375 0.67421875 0.02109375 0.06328125
9 0.5453125 0.7484375 0.01796875 0.0765625
9 0.4921875 0.63359375 0.0109375 0.05625
11 0.5417668796874999 0.9224097796875 0.5329184203125 0.8047514046875 0.4510912578125 0.8253262781249999 0.4491983515625 0.89119426875 0.4907180515625 0.89119426875 0.492079359375 0.9356163109375 0.5417668796874999 0.9224097796875