14 0.7776664109375 1 0.7054171890625 0.8766284484375 0.7020899359375 0.7449964234374999 0.586586209375 0.7399659125 0.5884875125 1 0.7776664109375 1
7 0.8033339453125 0.82632321875 0.7833703562500001 0.7953016859375001 0.7102518359375 0.794062571875 0.7087444421875 0.8741132578125 0.7548509203125 0.94537896875 0.812365071875 0.9227415750000001 0.8033339453125 0.82632321875
11 0.55 0.8109375 0.04921875 0.12265625
11 0.42421875 0.86953125 0.0984375 0.11328125
9 0.33828125 0.8890625 0.02890625 0.12734375
7 0.2890625 0.70234375 0.05625 0.08046875
9 0.49140625 0.64765625 0.01796875 0.06953125
7 0.56640625 0.65625 0.0453125 0.07109375
7 0.52421875 0.709375 0.0484375 0.08203125
7 0.9625 0.8296875 0.075 0.175
7 0.83203125 0.67265625 0.0609375 0.1125
9 0.084375 0.67421875 0.0453125 0.0703125
11 0.48828125 0.5796875 0.028125 0.0546875
14 0.6703125 0.646875 0.06328125 0.15390625
11 0.50859375 0.9453125 0.0671875 0.109375