9 0.23828125 0.64140625 0.03203125 0.07578125
7 0.34765625 0.57265625 0.03671875 0.06953125
9 0.421875 0.6 0.01484375 0.05625
11 0.15859375 0.65390625 0.0609375 0.0609375
7 0.15703125 0.740625 0.121875 0.08984375
7 0.70078125 0.68359375 0.05390625 0.10546875
7 0.67578125 0.5796875 0.04296875 0.071875
7 0.8203868609375 0.653011021875 0.8130182640625 0.6548354171875 0.7732233953125001 0.7079334859374999 0.8153500265625 0.79031715 0.8812873 0.776586534375 0.8203868609375 0.653011021875
7 0.94140625 0.62890625 0.1171875 0.10703125
11 0.8968558015625 0.7168180484375 0.8548083890625 0.594221215625 0.8107710453125 0.62716519375 0.8629713828125001 0.7386254296875 0.8968558015625 0.7168180484375
7 0.73125 0.8609375 0.08125 0.1734375
9 0.64296875 0.6796875 0.021875 0.08671875
11 0.62890625 0.59609375 0.02890625 0.0703125