9 0.25625 0.73125 0.02890625 0.090625
9 0.5515625 0.83046875 0.03203125 0.125
9 0.63671875 0.7609375 0.0328125 0.11796875
9 0.31953125 0.60078125 0.03125 0.05625
11 0.38125 0.56953125 0.03203125 0.05859375
7 0.51015625 0.7296875 0.06328125 0.096875
7 0.56796875 0.62890625 0.0453125 0.07421875
7 0.509375 0.5640625 0.0296875 0.053125
7 0.628125 0.6 0.04609375 0.075
7 0.77578125 0.88515625 0.11171875 0.1671875
7 0.96328125 0.78359375 0.0734375 0.1484375
14 0.97265625 0.63984375 0.0546875 0.13203125
11 0.36484375 0.8609375 0.1046875 0.1390625