7 0.28984375 0.75390625 0.0765625 0.11875
9 0.1640625 0.865625 0.05 0.12421875
9 0.47578125 0.665625 0.01953125 0.06796875
9 0.5015625 0.6609375 0.0203125 0.065625
9 0.5140625 0.7703125 0.02421875 0.09296875
9 0.5125 0.77109375 0.0203125 0.1
9 0.4046875 0.928125 0.040625 0.12109375
9 0.51796875 0.93125 0.0453125 0.12578125
9 0.53671875 0.82734375 0.0265625 0.1078125
9 0.5578125 0.85078125 0.0171875 0.10546875
7 0.64765625 0.80234375 0.06875 0.1125
7 0.7078125 0.7609375 0.06015625 0.10234375
7 0.6421875 0.671875 0.0578125 0.0765625
11 0.59296875 0.59765625 0.025 0.0609375
7 0.70234375 0.94453125 0.10078125 0.11015625
7 0.96953125 0.8484375 0.06015625 0.18515625